    0.0000         9.2428
    0.0417         9.1112
    0.0835         8.9818
    0.1252         8.8795
    0.1670         8.7355
    0.2087         8.5676
    0.2505         8.3945
    0.2922         8.2052
    0.3340         8.0088
    0.3757         7.7964
    0.4175         7.5587
    0.4592         7.3568
    0.5010         7.1246
    0.5427         6.9271
    0.5845         6.7269
    0.6262         6.6723
    0.6680         6.6309
    0.7097         6.5566
    0.7515         6.3950
    0.7932         6.1965
    0.8349         5.9363
    0.8767         5.8472
    0.9184         6.1749
    0.9602         6.5099
    1.0019         6.8679
    1.0437         7.3604
    1.0854         7.6597
    1.1272         8.0616
    1.1689         8.4768
    1.2107         8.6096
    1.2524         8.6863
    1.2942         8.7375
    1.3359         8.7816
    1.3777         8.8182
    1.4194         8.8566
    1.4612         8.8833
    1.4758         8.8545
    1.4904         8.8267
    1.5050         8.7968
    1.5196         8.7685
    1.5342         8.7417
    1.5488         8.7168
    1.5634         8.8599
    1.5780         8.8354
    1.5926         8.8086
    1.6072         8.7785
    1.6218         8.7444
    1.6364         8.7052
    1.6510         8.8360
    1.6656         8.4204
    1.6802         8.3830
    1.6948         8.2236
    1.7094         8.1708
    1.7240         8.1061
    1.7387         7.9609
    1.7533         7.8911
    1.7679         7.8116
    1.7825         7.7265
    1.7971         7.6352
    1.8117         7.5391
    1.8263         7.4003
    1.8409         7.2990
    1.8555         7.1944
    1.8701         7.0894
    1.8847         6.9930
    1.8993         6.8884
    1.9139         6.7854
    1.9285         6.6859
    1.9431         6.5923
    1.9577         6.5111
    1.9723         6.4421
 &
  
    0.0000         9.1578
    0.0417         8.8867
    0.0835         8.8066
    0.1252         8.6911
    0.1670         8.5571
    0.2087         8.3957
    0.2505         8.2243
    0.2922         8.0425
    0.3340         7.8497
    0.3757         7.6918
    0.4175         7.5490
    0.4592         7.3464
    0.5010         7.1125
    0.5427         6.9105
    0.5845         6.7107
    0.6262         6.4964
    0.6680         6.2844
    0.7097         6.0610
    0.7515         5.8213
    0.7932         5.6801
    0.8349         5.6472
    0.8767         5.7829
    0.9184         6.0638
    0.9602         6.3718
    1.0019         6.7839
    1.0437         7.1445
    1.0854         7.4024
    1.1272         7.6717
    1.1689         7.8543
    1.2107         8.0944
    1.2524         8.0739
    1.2942         8.0380
    1.3359         8.0096
    1.3777         7.9961
    1.4194         8.0083
    1.4612         7.7273
    1.4758         7.6881
    1.4904         7.9852
    1.5050         7.9665
    1.5196         7.9550
    1.5342         7.9493
    1.5488         7.9486
    1.5634         7.9884
    1.5780         7.9928
    1.5926         7.9969
    1.6072         7.9989
    1.6218         7.9972
    1.6364         7.8265
    1.6510         7.7068
    1.6656         7.7236
    1.6802         7.7130
    1.6948         7.7036
    1.7094         7.6703
    1.7240         7.5950
    1.7387         7.5320
    1.7533         7.4557
    1.7679         7.3713
    1.7825         7.2744
    1.7971         7.1713
    1.8117         7.0724
    1.8263         6.9621
    1.8409         6.8563
    1.8555         6.7241
    1.8701         6.6181
    1.8847         6.5147
    1.8993         6.4146
    1.9139         6.3190
    1.9285         6.2304
    1.9431         6.1475
    1.9577         6.0959
    1.9723         6.0983
 &
  
    0.0000         8.8408
    0.0417         8.7515
    0.0835         8.6042
    0.1252         8.4277
    0.1670         8.2243
    0.2087         8.0300
    0.2505         7.7437
    0.2922         7.4739
    0.3340         7.2567
    0.3757         7.0795
    0.4175         6.8796
    0.4592         6.6549
    0.5010         6.4297
    0.5427         6.1611
    0.5845         6.0097
    0.6262         6.0030
    0.6680         5.8941
    0.7097         5.7550
    0.7515         5.7072
    0.7932         5.5525
    0.8349         5.5980
    0.8767         5.7403
    0.9184         5.5059
    0.9602         5.2769
    1.0019         5.0548
    1.0437         4.8405
    1.0854         4.6352
    1.1272         4.4404
    1.1689         4.2580
    1.2107         4.0898
    1.2524         3.9383
    1.2942         3.8065
    1.3359         3.6974
    1.3777         3.6141
    1.4194         3.5594
    1.4612         3.5341
    1.4758         3.5321
    1.4904         3.5263
    1.5050         3.5175
    1.5196         3.5072
    1.5342         3.4987
    1.5488         3.5142
    1.5634         3.5562
    1.5780         3.6046
    1.5926         3.6585
    1.6072         3.7179
    1.6218         3.7823
    1.6364         3.8514
    1.6510         3.9250
    1.6656         4.0026
    1.6802         4.0839
    1.6948         4.1687
    1.7094         4.2565
    1.7240         4.3470
    1.7387         4.4401
    1.7533         4.5353
    1.7679         4.6325
    1.7825         4.7313
    1.7971         4.8316
    1.8117         4.9331
    1.8263         5.0353
    1.8409         5.1384
    1.8555         5.2417
    1.8701         5.3451
    1.8847         5.4480
    1.8993         5.5497
    1.9139         5.6496
    1.9285         5.7463
    1.9431         5.8387
    1.9577         5.9267
    1.9723         6.0078
 &
  
    0.0000         8.8296
    0.0417         8.7181
    0.0835         8.5655
    0.1252         8.4130
    0.1670         8.1903
    0.2087         7.9538
    0.2505         7.7292
    0.2922         7.4384
    0.3340         7.1665
    0.3757         6.9214
    0.4175         6.6664
    0.4592         6.4577
    0.5010         6.2066
    0.5427         5.9641
    0.5845         5.7953
    0.6262         5.7388
    0.6680         5.6324
    0.7097         5.6615
    0.7515         5.5409
    0.7932         5.4040
    0.8349         5.4079
    0.8767         5.2175
    0.9184         5.0838
    0.9602         4.9181
    1.0019         4.7370
    1.0437         4.5530
    1.0854         4.3737
    1.1272         4.2041
    1.1689         4.0478
    1.2107         3.9080
    1.2524         3.7871
    1.2942         3.6874
    1.3359         3.6112
    1.3777         3.5602
    1.4194         3.5349
    1.4612         3.5341
    1.4758         3.5320
    1.4904         3.5262
    1.5050         3.5172
    1.5196         3.5066
    1.5342         3.4966
    1.5488         3.5116
    1.5634         3.5551
    1.5780         3.6038
    1.5926         3.6580
    1.6072         3.7175
    1.6218         3.7820
    1.6364         3.8512
    1.6510         3.9248
    1.6656         4.0024
    1.6802         4.0837
    1.6948         4.1685
    1.7094         4.2563
    1.7240         4.3469
    1.7387         4.4399
    1.7533         4.5351
    1.7679         4.6322
    1.7825         4.7310
    1.7971         4.8312
    1.8117         4.9326
    1.8263         5.0348
    1.8409         5.1377
    1.8555         5.2408
    1.8701         5.3439
    1.8847         5.4463
    1.8993         5.5473
    1.9139         5.6456
    1.9285         5.7389
    1.9431         5.8221
    1.9577         5.8857
    1.9723         5.9083
 &
  
    0.0000         8.6485
    0.0417         8.5342
    0.0835         8.4039
    0.1252         8.2447
    0.1670         8.0557
    0.2087         7.8628
    0.2505         7.6383
    0.2922         7.4095
    0.3340         7.1274
    0.3757         6.8346
    0.4175         6.5388
    0.4592         6.2484
    0.5010         5.9600
    0.5427         5.6752
    0.5845         5.3959
    0.6262         5.1255
    0.6680         4.8703
    0.7097         4.6523
    0.7515         4.9224
    0.7932         5.2273
    0.8349         5.2254
    0.8767         5.2123
    0.9184         5.0311
    0.9602         4.8387
    1.0019         4.6486
    1.0437         4.4627
    1.0854         4.2822
    1.1272         4.1088
    1.1689         3.9439
    1.2107         3.7910
    1.2524         3.6543
    1.2942         3.5396
    1.3359         3.4551
    1.3777         3.4083
    1.4194         3.3938
    1.4612         3.3932
    1.4758         3.3967
    1.4904         3.4069
    1.5050         3.4240
    1.5196         3.4474
    1.5342         3.4775
    1.5488         3.4941
    1.5634         3.4996
    1.5780         3.5186
    1.5926         3.5525
    1.6072         3.5988
    1.6218         3.6543
    1.6364         3.7167
    1.6510         3.7846
    1.6656         3.8569
    1.6802         3.9331
    1.6948         4.0126
    1.7094         4.0950
    1.7240         4.1800
    1.7387         4.2673
    1.7533         4.3566
    1.7679         4.4478
    1.7825         4.5406
    1.7971         4.6348
    1.8117         4.7302
    1.8263         4.8266
    1.8409         4.9238
    1.8555         5.0214
    1.8701         5.1192
    1.8847         5.2169
    1.8993         5.3140
    1.9139         5.4103
    1.9285         5.5051
    1.9431         5.5970
    1.9577         5.6841
    1.9723         5.7578
 &
  
    0.0000         8.5322
    0.0417         8.4304
    0.0835         8.3035
    0.1252         8.1501
    0.1670         7.9756
    0.2087         7.7964
    0.2505         7.6056
    0.2922         7.3575
    0.3340         7.0744
    0.3757         6.7810
    0.4175         6.4880
    0.4592         6.1951
    0.5010         5.9092
    0.5427         5.6282
    0.5845         5.3617
    0.6262         5.1092
    0.6680         4.7732
    0.7097         4.6303
    0.7515         4.8562
    0.7932         5.0935
    0.8349         5.1814
    0.8767         5.0391
    0.9184         4.8670
    0.9602         4.6868
    1.0019         4.5055
    1.0437         4.3273
    1.0854         4.1550
    1.1272         3.9912
    1.1689         3.8389
    1.2107         3.7011
    1.2524         3.5816
    1.2942         3.4860
    1.3359         3.4224
    1.3777         3.3956
    1.4194         3.3929
    1.4612         3.3930
    1.4758         3.3965
    1.4904         3.4068
    1.5050         3.4239
    1.5196         3.4473
    1.5342         3.4768
    1.5488         3.4933
    1.5634         3.4981
    1.5780         3.5179
    1.5926         3.5523
    1.6072         3.5987
    1.6218         3.6542
    1.6364         3.7166
    1.6510         3.7845
    1.6656         3.8569
    1.6802         3.9331
    1.6948         4.0126
    1.7094         4.0949
    1.7240         4.1799
    1.7387         4.2671
    1.7533         4.3565
    1.7679         4.4476
    1.7825         4.5404
    1.7971         4.6346
    1.8117         4.7300
    1.8263         4.8263
    1.8409         4.9235
    1.8555         5.0210
    1.8701         5.1189
    1.8847         5.2166
    1.8993         5.3139
    1.9139         5.4099
    1.9285         5.5037
    1.9431         5.5936
    1.9577         5.6767
    1.9723         5.7487
 &
  
    0.0000         1.5577
    0.0417         1.5858
    0.0835         1.6532
    0.1252         1.7445
    0.1670         1.8435
    0.2087         1.9580
    0.2505         2.0903
    0.2922         2.2388
    0.3340         2.4049
    0.3757         2.5861
    0.4175         2.7989
    0.4592         3.0250
    0.5010         3.3745
    0.5427         3.7108
    0.5845         4.0185
    0.6262         4.1863
    0.6680         4.3812
    0.7097         4.5913
    0.7515         4.3619
    0.7932         4.1367
    0.8349         3.9195
    0.8767         3.7072
    0.9184         3.4973
    0.9602         3.2886
    1.0019         3.0823
    1.0437         2.8853
    1.0854         2.7400
    1.1272         2.7345
    1.1689         2.8101
    1.2107         2.9015
    1.2524         2.9916
    1.2942         3.0700
    1.3359         3.1275
    1.3777         3.1531
    1.4194         3.1521
    1.4612         3.1484
    1.4758         3.1513
    1.4904         3.1600
    1.5050         3.1737
    1.5196         3.1910
    1.5342         3.2097
    1.5488         3.2259
    1.5634         3.2344
    1.5780         3.2313
    1.5926         3.2164
    1.6072         3.1924
    1.6218         3.1625
    1.6364         3.1291
    1.6510         3.0940
    1.6656         3.0585
    1.6802         3.0236
    1.6948         2.9900
    1.7094         2.9587
    1.7240         2.9303
    1.7387         2.9056
    1.7533         2.8850
    1.7679         2.8690
    1.7825         2.8581
    1.7971         2.8523
    1.8117         2.8516
    1.8263         2.8555
    1.8409         2.8635
    1.8555         2.8748
    1.8701         2.8883
    1.8847         2.9029
    1.8993         2.9176
    1.9139         2.9312
    1.9285         2.9427
    1.9431         2.9516
    1.9577         2.9571
    1.9723         2.9589
 &
  
    0.0000         1.5574
    0.0417         1.5795
    0.0835         1.5978
    0.1252         1.6580
    0.1670         1.7475
    0.2087         1.8807
    0.2505         2.0162
    0.2922         2.1720
    0.3340         2.3470
    0.3757         2.5728
    0.4175         2.7851
    0.4592         2.9984
    0.5010         3.2289
    0.5427         3.4736
    0.5845         3.7472
    0.6262         4.0032
    0.6680         4.3587
    0.7097         4.4862
    0.7515         4.3007
    0.7932         4.0935
    0.8349         3.8865
    0.8767         3.6814
    0.9184         3.4772
    0.9602         3.2736
    1.0019         3.0725
    1.0437         2.8824
    1.0854         2.7342
    1.1272         2.7290
    1.1689         2.8066
    1.2107         2.9003
    1.2524         2.9911
    1.2942         3.0693
    1.3359         3.1230
    1.3777         3.1465
    1.4194         3.1497
    1.4612         3.1482
    1.4758         3.1511
    1.4904         3.1598
    1.5050         3.1736
    1.5196         3.1910
    1.5342         3.2095
    1.5488         3.2255
    1.5634         3.2341
    1.5780         3.2312
    1.5926         3.2163
    1.6072         3.1923
    1.6218         3.1625
    1.6364         3.1291
    1.6510         3.0940
    1.6656         3.0585
    1.6802         3.0236
    1.6948         2.9900
    1.7094         2.9587
    1.7240         2.9303
    1.7387         2.9055
    1.7533         2.8849
    1.7679         2.8690
    1.7825         2.8581
    1.7971         2.8523
    1.8117         2.8516
    1.8263         2.8555
    1.8409         2.8633
    1.8555         2.8746
    1.8701         2.8881
    1.8847         2.9027
    1.8993         2.9174
    1.9139         2.9310
    1.9285         2.9426
    1.9431         2.9514
    1.9577         2.9569
    1.9723         2.9588
 &
  
    0.0000         1.3725
    0.0417         1.3681
    0.0835         1.4266
    0.1252         1.5303
    0.1670         1.6496
    0.2087         1.7945
    0.2505         1.9614
    0.2922         2.1388
    0.3340         2.3410
    0.3757         2.5130
    0.4175         2.7311
    0.4592         2.9651
    0.5010         3.2079
    0.5427         3.4698
    0.5845         3.7233
    0.6262         3.9728
    0.6680         4.1442
    0.7097         4.0974
    0.7515         3.9962
    0.7932         3.8223
    0.8349         3.6094
    0.8767         3.3803
    0.9184         3.1464
    0.9602         2.9138
    1.0019         2.6861
    1.0437         2.4432
    1.0854         2.4519
    1.1272         2.3574
    1.1689         2.1865
    1.2107         2.0074
    1.2524         1.8377
    1.2942         1.6856
    1.3359         1.5572
    1.3777         1.4586
    1.4194         1.3953
    1.4612         1.3720
    1.4758         1.3740
    1.4904         1.3800
    1.5050         1.3898
    1.5196         1.4028
    1.5342         1.4189
    1.5488         1.4378
    1.5634         1.4590
    1.5780         1.4822
    1.5926         1.5071
    1.6072         1.5336
    1.6218         1.5613
    1.6364         1.5901
    1.6510         1.6198
    1.6656         1.6503
    1.6802         1.6817
    1.6948         1.7147
    1.7094         1.7505
    1.7240         1.7919
    1.7387         1.8423
    1.7533         1.9031
    1.7679         1.9712
    1.7825         2.0425
    1.7971         2.1139
    1.8117         2.1834
    1.8263         2.2495
    1.8409         2.3113
    1.8555         2.3678
    1.8701         2.4186
    1.8847         2.4633
    1.8993         2.5015
    1.9139         2.5331
    1.9285         2.5578
    1.9431         2.5756
    1.9577         2.5863
    1.9723         2.5899
 &
  
    0.0000         1.3413
    0.0417         1.3556
    0.0835         1.3799
    0.1252         1.4186
    0.1670         1.4814
    0.2087         1.5457
    0.2505         1.6647
    0.2922         1.8050
    0.3340         1.9580
    0.3757         2.1604
    0.4175         2.3457
    0.4592         2.5274
    0.5010         2.7435
    0.5427         2.9502
    0.5845         3.1367
    0.6262         3.3132
    0.6680         3.4596
    0.7097         3.5317
    0.7515         3.5095
    0.7932         3.4047
    0.8349         3.2446
    0.8767         3.0540
    0.9184         2.8505
    0.9602         2.6470
    1.0019         2.4667
    1.0437         2.4388
    1.0854         2.4488
    1.1272         2.3477
    1.1689         2.1775
    1.2107         1.9994
    1.2524         1.8301
    1.2942         1.6778
    1.3359         1.5496
    1.3777         1.4520
    1.4194         1.3914
    1.4612         1.3720
    1.4758         1.3740
    1.4904         1.3800
    1.5050         1.3898
    1.5196         1.4028
    1.5342         1.4189
    1.5488         1.4378
    1.5634         1.4590
    1.5780         1.4822
    1.5926         1.5071
    1.6072         1.5336
    1.6218         1.5613
    1.6364         1.5901
    1.6510         1.6198
    1.6656         1.6503
    1.6802         1.6817
    1.6948         1.7146
    1.7094         1.7504
    1.7240         1.7917
    1.7387         1.8422
    1.7533         1.9029
    1.7679         1.9711
    1.7825         2.0424
    1.7971         2.1138
    1.8117         2.1833
    1.8263         2.2494
    1.8409         2.3111
    1.8555         2.3677
    1.8701         2.4185
    1.8847         2.4631
    1.8993         2.5014
    1.9139         2.5329
    1.9285         2.5577
    1.9431         2.5754
    1.9577         2.5862
    1.9723         2.5898
 &
  
    0.0000         1.2036
    0.0417         1.2047
    0.0835         1.2066
    0.1252         1.2119
    0.1670         1.2286
    0.2087         1.2657
    0.2505         1.3332
    0.2922         1.4205
    0.3340         1.5208
    0.3757         1.6289
    0.4175         1.7436
    0.4592         1.8578
    0.5010         1.9702
    0.5427         2.0767
    0.5845         2.1736
    0.6262         2.2563
    0.6680         2.3204
    0.7097         2.3605
    0.7515         2.3721
    0.7932         2.3544
    0.8349         2.3134
    0.8767         2.2661
    0.9184         2.2457
    0.9602         2.2727
    1.0019         2.3356
    1.0437         2.4263
    1.0854         2.2554
    1.1272         2.0571
    1.1689         1.8728
    1.2107         1.7046
    1.2524         1.5549
    1.2942         1.4257
    1.3359         1.3193
    1.3777         1.2376
    1.4194         1.1819
    1.4612         1.1527
    1.4758         1.1528
    1.4904         1.1531
    1.5050         1.1541
    1.5196         1.1559
    1.5342         1.1594
    1.5488         1.1650
    1.5634         1.1734
    1.5780         1.1855
    1.5926         1.2021
    1.6072         1.2241
    1.6218         1.2526
    1.6364         1.2884
    1.6510         1.3321
    1.6656         1.3835
    1.6802         1.4417
    1.6948         1.5044
    1.7094         1.5685
    1.7240         1.6290
    1.7387         1.6803
    1.7533         1.7192
    1.7679         1.7469
    1.7825         1.7662
    1.7971         1.7789
    1.8117         1.7862
    1.8263         1.7891
    1.8409         1.7884
    1.8555         1.7845
    1.8701         1.7784
    1.8847         1.7709
    1.8993         1.7629
    1.9139         1.7550
    1.9285         1.7480
    1.9431         1.7425
    1.9577         1.7390
    1.9723         1.7378
 &
  
    0.0000         1.1620
    0.0417         1.1519
    0.0835         1.1547
    0.1252         1.1695
    0.1670         1.2013
    0.2087         1.2554
    0.2505         1.3255
    0.2922         1.4141
    0.3340         1.5164
    0.3757         1.6282
    0.4175         1.7416
    0.4592         1.8550
    0.5010         1.9662
    0.5427         2.0718
    0.5845         2.1681
    0.6262         2.2505
    0.6680         2.3141
    0.7097         2.3538
    0.7515         2.3652
    0.7932         2.3474
    0.8349         2.3062
    0.8767         2.2580
    0.9184         2.2343
    0.9602         2.2526
    1.0019         2.2836
    1.0437         2.1849
    1.0854         2.0089
    1.1272         1.8340
    1.1689         1.6719
    1.2107         1.5271
    1.2524         1.4026
    1.2942         1.3010
    1.3359         1.2244
    1.3777         1.1739
    1.4194         1.1501
    1.4612         1.1527
    1.4758         1.1528
    1.4904         1.1531
    1.5050         1.1541
    1.5196         1.1559
    1.5342         1.1594
    1.5488         1.1650
    1.5634         1.1734
    1.5780         1.1855
    1.5926         1.2021
    1.6072         1.2241
    1.6218         1.2526
    1.6364         1.2884
    1.6510         1.3321
    1.6656         1.3835
    1.6802         1.4417
    1.6948         1.5044
    1.7094         1.5685
    1.7240         1.6289
    1.7387         1.6802
    1.7533         1.7191
    1.7679         1.7469
    1.7825         1.7661
    1.7971         1.7788
    1.8117         1.7862
    1.8263         1.7891
    1.8409         1.7883
    1.8555         1.7844
    1.8701         1.7783
    1.8847         1.7709
    1.8993         1.7628
    1.9139         1.7550
    1.9285         1.7480
    1.9431         1.7425
    1.9577         1.7390
    1.9723         1.7377
 &
  
    0.0000         0.8105
    0.0417         0.8209
    0.0835         0.8499
    0.1252         0.8916
    0.1670         0.9402
    0.2087         0.9847
    0.2505         1.0205
    0.2922         1.0485
    0.3340         1.0745
    0.3757         1.1022
    0.4175         1.1335
    0.4592         1.1707
    0.5010         1.2128
    0.5427         1.2607
    0.5845         1.3141
    0.6262         1.3738
    0.6680         1.4384
    0.7097         1.5065
    0.7515         1.5772
    0.7932         1.6473
    0.8349         1.7096
    0.8767         1.7482
    0.9184         1.7353
    0.9602         1.6555
    1.0019         1.5249
    1.0437         1.3664
    1.0854         1.1946
    1.1272         1.0183
    1.1689         0.8439
    1.2107         0.6767
    1.2524         0.5224
    1.2942         0.3881
    1.3359         0.2826
    1.3777         0.2139
    1.4194         0.1824
    1.4612         0.1745
    1.4758         0.1715
    1.4904         0.1626
    1.5050         0.1479
    1.5196         0.1276
    1.5342         0.1022
    1.5488         0.0909
    1.5634         0.1692
    1.5780         0.2505
    1.5926         0.3323
    1.6072         0.4125
    1.6218         0.4890
    1.6364         0.5601
    1.6510         0.6244
    1.6656         0.6813
    1.6802         0.7306
    1.6948         0.7729
    1.7094         0.8093
    1.7240         0.8409
    1.7387         0.8688
    1.7533         0.8938
    1.7679         0.9167
    1.7825         0.9380
    1.7971         0.9582
    1.8117         0.9773
    1.8263         0.9955
    1.8409         1.0130
    1.8555         1.0295
    1.8701         1.0449
    1.8847         1.0592
    1.8993         1.0720
    1.9139         1.0830
    1.9285         1.0920
    1.9431         1.0987
    1.9577         1.1029
    1.9723         1.1044
 &
  
    0.0000         0.8097
    0.0417         0.8207
    0.0835         0.8460
    0.1252         0.8821
    0.1670         0.9220
    0.2087         0.9584
    0.2505         0.9918
    0.2922         1.0213
    0.3340         1.0503
    0.3757         1.0813
    0.4175         1.1154
    0.4592         1.1531
    0.5010         1.1969
    0.5427         1.2461
    0.5845         1.3010
    0.6262         1.3605
    0.6680         1.4246
    0.7097         1.4931
    0.7515         1.5633
    0.7932         1.6317
    0.8349         1.6910
    0.8767         1.7268
    0.9184         1.7110
    0.9602         1.6291
    1.0019         1.4969
    1.0437         1.3368
    1.0854         1.1632
    1.1272         0.9854
    1.1689         0.8098
    1.2107         0.6423
    1.2524         0.4895
    1.2942         0.3599
    1.3359         0.2637
    1.3777         0.2069
    1.4194         0.1824
    1.4612         0.1745
    1.4758         0.1715
    1.4904         0.1626
    1.5050         0.1478
    1.5196         0.1276
    1.5342         0.1022
    1.5488         0.0901
    1.5634         0.1692
    1.5780         0.2505
    1.5926         0.3323
    1.6072         0.4124
    1.6218         0.4890
    1.6364         0.5601
    1.6510         0.6244
    1.6656         0.6813
    1.6802         0.7306
    1.6948         0.7729
    1.7094         0.8093
    1.7240         0.8409
    1.7387         0.8687
    1.7533         0.8938
    1.7679         0.9167
    1.7825         0.9380
    1.7971         0.9582
    1.8117         0.9773
    1.8263         0.9955
    1.8409         1.0129
    1.8555         1.0294
    1.8701         1.0449
    1.8847         1.0592
    1.8993         1.0719
    1.9139         1.0830
    1.9285         1.0920
    1.9431         1.0987
    1.9577         1.1029
    1.9723         1.1043
 &
  
    0.0000        -2.6242
    0.0417        -2.5990
    0.0835        -2.5775
    0.1252        -2.5585
    0.1670        -2.5401
    0.2087        -2.5204
    0.2505        -2.4972
    0.2922        -2.4689
    0.3340        -2.4344
    0.3757        -2.3928
    0.4175        -2.3437
    0.4592        -2.2870
    0.5010        -2.2226
    0.5427        -2.1507
    0.5845        -2.0716
    0.6262        -1.9857
    0.6680        -1.8931
    0.7097        -1.7945
    0.7515        -1.6901
    0.7932        -1.5806
    0.8349        -1.4664
    0.8767        -1.3482
    0.9184        -1.2268
    0.9602        -1.1030
    1.0019        -0.9779
    1.0437        -0.8526
    1.0854        -0.7289
    1.1272        -0.6087
    1.1689        -0.4945
    1.2107        -0.3896
    1.2524        -0.2986
    1.2942        -0.2273
    1.3359        -0.1824
    1.3777        -0.1662
    1.4194        -0.1692
    1.4612        -0.1771
    1.4758        -0.1685
    1.4904        -0.1431
    1.5050        -0.1020
    1.5196        -0.0475
    1.5342         0.0176
    1.5488         0.0727
    1.5634         0.0374
    1.5780        -0.0009
    1.5926        -0.0426
    1.6072        -0.0871
    1.6218        -0.1340
    1.6364        -0.1828
    1.6510        -0.2331
    1.6656        -0.2845
    1.6802        -0.3365
    1.6948        -0.3890
    1.7094        -0.4413
    1.7240        -0.4934
    1.7387        -0.5448
    1.7533        -0.5951
    1.7679        -0.6443
    1.7825        -0.6918
    1.7971        -0.7374
    1.8117        -0.7809
    1.8263        -0.8220
    1.8409        -0.8603
    1.8555        -0.8956
    1.8701        -0.9276
    1.8847        -0.9560
    1.8993        -0.9805
    1.9139        -1.0009
    1.9285        -1.0171
    1.9431        -1.0287
    1.9577        -1.0358
    1.9723        -1.0381
 &
  
    0.0000        -2.6244
    0.0417        -2.6541
    0.0835        -2.6867
    0.1252        -2.7202
    0.1670        -2.7507
    0.2087        -2.7728
    0.2505        -2.7802
    0.2922        -2.7681
    0.3340        -2.7375
    0.3757        -2.6920
    0.4175        -2.6351
    0.4592        -2.5689
    0.5010        -2.4945
    0.5427        -2.4128
    0.5845        -2.3243
    0.6262        -2.2295
    0.6680        -2.1287
    0.7097        -2.0224
    0.7515        -1.9110
    0.7932        -1.7948
    0.8349        -1.6743
    0.8767        -1.5500
    0.9184        -1.4226
    0.9602        -1.2927
    1.0019        -1.1612
    1.0437        -1.0293
    1.0854        -0.8981
    1.1272        -0.7693
    1.1689        -0.6450
    1.2107        -0.5278
    1.2524        -0.4210
    1.2942        -0.3291
    1.3359        -0.2576
    1.3777        -0.2113
    1.4194        -0.1883
    1.4612        -0.1772
    1.4758        -0.1685
    1.4904        -0.1431
    1.5050        -0.1020
    1.5196        -0.0476
    1.5342         0.0176
    1.5488         0.0718
    1.5634         0.0374
    1.5780        -0.0009
    1.5926        -0.0426
    1.6072        -0.0871
    1.6218        -0.1340
    1.6364        -0.1828
    1.6510        -0.2331
    1.6656        -0.2845
    1.6802        -0.3366
    1.6948        -0.3890
    1.7094        -0.4414
    1.7240        -0.4934
    1.7387        -0.5448
    1.7533        -0.5952
    1.7679        -0.6443
    1.7825        -0.6918
    1.7971        -0.7375
    1.8117        -0.7810
    1.8263        -0.8220
    1.8409        -0.8603
    1.8555        -0.8956
    1.8701        -0.9276
    1.8847        -0.9560
    1.8993        -0.9805
    1.9139        -1.0009
    1.9285        -1.0171
    1.9431        -1.0287
    1.9577        -1.0358
    1.9723        -1.0382
 &
  
    0.0000        -2.9933
    0.0417        -2.9916
    0.0835        -2.9894
    0.1252        -2.9848
    0.1670        -2.9773
    0.2087        -2.9681
    0.2505        -2.9599
    0.2922        -2.9539
    0.3340        -2.9468
    0.3757        -2.9331
    0.4175        -2.9092
    0.4592        -2.8737
    0.5010        -2.8268
    0.5427        -2.7693
    0.5845        -2.7026
    0.6262        -2.6275
    0.6680        -2.5451
    0.7097        -2.4563
    0.7515        -2.3619
    0.7932        -2.2626
    0.8349        -2.1593
    0.8767        -2.0527
    0.9184        -1.9437
    0.9602        -1.8334
    1.0019        -1.7228
    1.0437        -1.6134
    1.0854        -1.5069
    1.1272        -1.4054
    1.1689        -1.3116
    1.2107        -1.2292
    1.2524        -1.1627
    1.2942        -1.1182
    1.3359        -1.1023
    1.3777        -1.1197
    1.4194        -1.1661
    1.4612        -1.2004
    1.4758        -1.1893
    1.4904        -1.1658
    1.5050        -1.1434
    1.5196        -1.1280
    1.5342        -1.1214
    1.5488        -1.1233
    1.5634        -1.1330
    1.5780        -1.1494
    1.5926        -1.1715
    1.6072        -1.1984
    1.6218        -1.2295
    1.6364        -1.2641
    1.6510        -1.3016
    1.6656        -1.3415
    1.6802        -1.3834
    1.6948        -1.4270
    1.7094        -1.4719
    1.7240        -1.5176
    1.7387        -1.5640
    1.7533        -1.6107
    1.7679        -1.6574
    1.7825        -1.7037
    1.7971        -1.7495
    1.8117        -1.7943
    1.8263        -1.8378
    1.8409        -1.8797
    1.8555        -1.9194
    1.8701        -1.9565
    1.8847        -1.9906
    1.8993        -2.0210
    1.9139        -2.0471
    1.9285        -2.0683
    1.9431        -2.0840
    1.9577        -2.0936
    1.9723        -2.0968
 &
  
    0.0000        -2.9935
    0.0417        -2.9971
    0.0835        -3.0040
    0.1252        -3.0146
    0.1670        -3.0280
    0.2087        -3.0418
    0.2505        -3.0527
    0.2922        -3.0565
    0.3340        -3.0500
    0.3757        -3.0309
    0.4175        -2.9989
    0.4592        -2.9550
    0.5010        -2.9004
    0.5427        -2.8363
    0.5845        -2.7640
    0.6262        -2.6844
    0.6680        -2.5982
    0.7097        -2.5062
    0.7515        -2.4091
    0.7932        -2.3074
    0.8349        -2.2019
    0.8767        -2.0932
    0.9184        -1.9822
    0.9602        -1.8697
    1.0019        -1.7570
    1.0437        -1.6452
    1.0854        -1.5362
    1.1272        -1.4318
    1.1689        -1.3348
    1.2107        -1.2488
    1.2524        -1.1784
    1.2942        -1.1299
    1.3359        -1.1103
    1.3777        -1.1247
    1.4194        -1.1686
    1.4612        -1.2004
    1.4758        -1.1893
    1.4904        -1.1659
    1.5050        -1.1435
    1.5196        -1.1280
    1.5342        -1.1214
    1.5488        -1.1234
    1.5634        -1.1330
    1.5780        -1.1494
    1.5926        -1.1715
    1.6072        -1.1985
    1.6218        -1.2295
    1.6364        -1.2641
    1.6510        -1.3016
    1.6656        -1.3415
    1.6802        -1.3835
    1.6948        -1.4270
    1.7094        -1.4719
    1.7240        -1.5176
    1.7387        -1.5640
    1.7533        -1.6107
    1.7679        -1.6574
    1.7825        -1.7037
    1.7971        -1.7495
    1.8117        -1.7943
    1.8263        -1.8378
    1.8409        -1.8797
    1.8555        -1.9194
    1.8701        -1.9565
    1.8847        -1.9906
    1.8993        -2.0210
    1.9139        -2.0471
    1.9285        -2.0683
    1.9431        -2.0840
    1.9577        -2.0936
    1.9723        -2.0969
 &
  
    0.0000        -3.5205
    0.0417        -3.5160
    0.0835        -3.5150
    0.1252        -3.5165
    0.1670        -3.5197
    0.2087        -3.5246
    0.2505        -3.5319
    0.2922        -3.5432
    0.3340        -3.5598
    0.3757        -3.5817
    0.4175        -3.6075
    0.4592        -3.6288
    0.5010        -3.6423
    0.5427        -3.6536
    0.5845        -3.6611
    0.6262        -3.6629
    0.6680        -3.6577
    0.7097        -3.6441
    0.7515        -3.6210
    0.7932        -3.5873
    0.8349        -3.5416
    0.8767        -3.4824
    0.9184        -3.4077
    0.9602        -3.3155
    1.0019        -3.2038
    1.0437        -3.0717
    1.0854        -2.9201
    1.1272        -2.7521
    1.1689        -2.5718
    1.2107        -2.3841
    1.2524        -2.1933
    1.2942        -2.0043
    1.3359        -1.8221
    1.3777        -1.6542
    1.4194        -1.5153
    1.4612        -1.4500
    1.4758        -1.4727
    1.4904        -1.5304
    1.5050        -1.6085
    1.5196        -1.6986
    1.5342        -1.7968
    1.5488        -1.9007
    1.5634        -2.0086
    1.5780        -2.1195
    1.5926        -2.2326
    1.6072        -2.3473
    1.6218        -2.4629
    1.6364        -2.5791
    1.6510        -2.6952
    1.6656        -2.8105
    1.6802        -2.9237
    1.6948        -3.0319
    1.7094        -3.0619
    1.7240        -3.0444
    1.7387        -3.0264
    1.7533        -3.0081
    1.7679        -2.9897
    1.7825        -2.9713
    1.7971        -2.9530
    1.8117        -2.9351
    1.8263        -2.9177
    1.8409        -2.9010
    1.8555        -2.8853
    1.8701        -2.8707
    1.8847        -2.8575
    1.8993        -2.8459
    1.9139        -2.8361
    1.9285        -2.8283
    1.9431        -2.8225
    1.9577        -2.8191
    1.9723        -2.8179
 &
  
    0.0000        -3.5206
    0.0417        -3.5298
    0.0835        -3.5430
    0.1252        -3.5582
    0.1670        -3.5715
    0.2087        -3.5803
    0.2505        -3.5854
    0.2922        -3.5895
    0.3340        -3.5952
    0.3757        -3.6038
    0.4175        -3.6154
    0.4592        -3.6349
    0.5010        -3.6611
    0.5427        -3.6839
    0.5845        -3.7012
    0.6262        -3.7115
    0.6680        -3.7134
    0.7097        -3.7059
    0.7515        -3.6880
    0.7932        -3.6585
    0.8349        -3.6160
    0.8767        -3.5585
    0.9184        -3.4839
    0.9602        -3.3894
    1.0019        -3.2726
    1.0437        -3.1328
    1.0854        -2.9721
    1.1272        -2.7946
    1.1689        -2.6055
    1.2107        -2.4098
    1.2524        -2.2123
    1.2942        -2.0174
    1.3359        -1.8303
    1.3777        -1.6585
    1.4194        -1.5167
    1.4612        -1.4500
    1.4758        -1.4727
    1.4904        -1.5304
    1.5050        -1.6085
    1.5196        -1.6986
    1.5342        -1.7968
    1.5488        -1.9007
    1.5634        -2.0086
    1.5780        -2.1195
    1.5926        -2.2326
    1.6072        -2.3473
    1.6218        -2.4629
    1.6364        -2.5791
    1.6510        -2.6952
    1.6656        -2.8105
    1.6802        -2.9237
    1.6948        -3.0319
    1.7094        -3.0619
    1.7240        -3.0444
    1.7387        -3.0264
    1.7533        -3.0081
    1.7679        -2.9897
    1.7825        -2.9713
    1.7971        -2.9530
    1.8117        -2.9351
    1.8263        -2.9177
    1.8409        -2.9010
    1.8555        -2.8853
    1.8701        -2.8707
    1.8847        -2.8575
    1.8993        -2.8459
    1.9139        -2.8361
    1.9285        -2.8283
    1.9431        -2.8226
    1.9577        -2.8191
    1.9723        -2.8179
 &
  
    0.0000        -3.7098
    0.0417        -3.7104
    0.0835        -3.7127
    0.1252        -3.7173
    0.1670        -3.7252
    0.2087        -3.7373
    0.2505        -3.7541
    0.2922        -3.7752
    0.3340        -3.8001
    0.3757        -3.8273
    0.4175        -3.8557
    0.4592        -3.8837
    0.5010        -3.9100
    0.5427        -3.9333
    0.5845        -3.9524
    0.6262        -3.9662
    0.6680        -3.9738
    0.7097        -3.9744
    0.7515        -3.9675
    0.7932        -3.9530
    0.8349        -3.9309
    0.8767        -3.9014
    0.9184        -3.8648
    0.9602        -3.8217
    1.0019        -3.7725
    1.0437        -3.7176
    1.0854        -3.6571
    1.1272        -3.5918
    1.1689        -3.5234
    1.2107        -3.4552
    1.2524        -3.3908
    1.2942        -3.3337
    1.3359        -3.2865
    1.3777        -3.2516
    1.4194        -3.2309
    1.4612        -3.2254
    1.4758        -3.2248
    1.4904        -3.2230
    1.5050        -3.2199
    1.5196        -3.2156
    1.5342        -3.2101
    1.5488        -3.2034
    1.5634        -3.1956
    1.5780        -3.1866
    1.5926        -3.1766
    1.6072        -3.1654
    1.6218        -3.1533
    1.6364        -3.1401
    1.6510        -3.1261
    1.6656        -3.1111
    1.6802        -3.0954
    1.6948        -3.0790
    1.7094        -3.1281
    1.7240        -3.1957
    1.7387        -3.2221
    1.7533        -3.2207
    1.7679        -3.2070
    1.7825        -3.1878
    1.7971        -3.1659
    1.8117        -3.1424
    1.8263        -3.1182
    1.8409        -3.0938
    1.8555        -3.0696
    1.8701        -3.0463
    1.8847        -3.0242
    1.8993        -3.0040
    1.9139        -2.9863
    1.9285        -2.9717
    1.9431        -2.9607
    1.9577        -2.9539
    1.9723        -2.9516
 &
  
    0.0000        -3.7099
    0.0417        -3.7116
    0.0835        -3.7172
    0.1252        -3.7301
    0.1670        -3.7548
    0.2087        -3.7938
    0.2505        -3.8461
    0.2922        -3.9077
    0.3340        -3.9751
    0.3757        -4.0446
    0.4175        -4.1136
    0.4592        -4.1795
    0.5010        -4.2404
    0.5427        -4.2944
    0.5845        -4.3399
    0.6262        -4.3759
    0.6680        -4.4012
    0.7097        -4.4151
    0.7515        -4.4172
    0.7932        -4.4075
    0.8349        -4.3858
    0.8767        -4.3524
    0.9184        -4.3061
    0.9602        -4.2351
    1.0019        -4.1043
    1.0437        -3.9590
    1.0854        -3.8257
    1.1272        -3.7069
    1.1689        -3.6018
    1.2107        -3.5092
    1.2524        -3.4285
    1.2942        -3.3599
    1.3359        -3.3042
    1.3777        -3.2626
    1.4194        -3.2361
    1.4612        -3.2254
    1.4758        -3.2248
    1.4904        -3.2230
    1.5050        -3.2199
    1.5196        -3.2156
    1.5342        -3.2101
    1.5488        -3.2035
    1.5634        -3.1956
    1.5780        -3.1866
    1.5926        -3.1766
    1.6072        -3.1654
    1.6218        -3.1533
    1.6364        -3.1401
    1.6510        -3.1261
    1.6656        -3.1111
    1.6802        -3.0954
    1.6948        -3.0790
    1.7094        -3.1281
    1.7240        -3.1957
    1.7387        -3.2222
    1.7533        -3.2207
    1.7679        -3.2070
    1.7825        -3.1878
    1.7971        -3.1659
    1.8117        -3.1424
    1.8263        -3.1182
    1.8409        -3.0938
    1.8555        -3.0696
    1.8701        -3.0463
    1.8847        -3.0242
    1.8993        -3.0041
    1.9139        -2.9863
    1.9285        -2.9717
    1.9431        -2.9607
    1.9577        -2.9539
    1.9723        -2.9516
 &
  
    0.0000        -7.6998
    0.0417        -7.6920
    0.0835        -7.6704
    0.1252        -7.6289
    0.1670        -7.5618
    0.2087        -7.4727
    0.2505        -7.3645
    0.2922        -7.2397
    0.3340        -7.1005
    0.3757        -6.9489
    0.4175        -6.7865
    0.4592        -6.6148
    0.5010        -6.4351
    0.5427        -6.2486
    0.5845        -6.0564
    0.6262        -5.8596
    0.6680        -5.6592
    0.7097        -5.4564
    0.7515        -5.2525
    0.7932        -5.0491
    0.8349        -4.8483
    0.8767        -4.6526
    0.9184        -4.4655
    0.9602        -4.2911
    1.0019        -4.1337
    1.0437        -3.9966
    1.0854        -3.8808
    1.1272        -3.7857
    1.1689        -3.7087
    1.2107        -3.6470
    1.2524        -3.5982
    1.2942        -3.5613
    1.3359        -3.5366
    1.3777        -3.5245
    1.4194        -3.5255
    1.4612        -3.5397
    1.4758        -3.5390
    1.4904        -3.5370
    1.5050        -3.5336
    1.5196        -3.5288
    1.5342        -3.5227
    1.5488        -3.5152
    1.5634        -3.5065
    1.5780        -3.4966
    1.5926        -3.4855
    1.6072        -3.4733
    1.6218        -3.4601
    1.6364        -3.4462
    1.6510        -3.4318
    1.6656        -3.4176
    1.6802        -3.4047
    1.6948        -3.3959
    1.7094        -3.3982
    1.7240        -3.4280
    1.7387        -3.4980
    1.7533        -3.5948
    1.7679        -3.7030
    1.7825        -3.8158
    1.7971        -3.9305
    1.8117        -4.0462
    1.8263        -4.1621
    1.8409        -4.2780
    1.8555        -4.3936
    1.8701        -4.5088
    1.8847        -4.6234
    1.8993        -4.7374
    1.9139        -4.8507
    1.9285        -4.9631
    1.9431        -5.0742
    1.9577        -5.1831
    1.9723        -5.2665
 &
  
    0.0000        -7.6998
    0.0417        -7.6945
    0.0835        -7.6725
    0.1252        -7.6299
    0.1670        -7.5655
    0.2087        -7.4776
    0.2505        -7.3697
    0.2922        -7.2448
    0.3340        -7.1055
    0.3757        -6.9539
    0.4175        -6.7915
    0.4592        -6.6200
    0.5010        -6.4405
    0.5427        -6.2544
    0.5845        -6.0626
    0.6262        -5.8664
    0.6680        -5.6666
    0.7097        -5.4645
    0.7515        -5.2613
    0.7932        -5.0585
    0.8349        -4.8581
    0.8767        -4.6625
    0.9184        -4.4765
    0.9602        -4.3159
    1.0019        -4.2204
    1.0437        -4.1485
    1.0854        -4.0762
    1.1272        -4.0020
    1.1689        -3.9270
    1.2107        -3.8529
    1.2524        -3.7817
    1.2942        -3.7156
    1.3359        -3.6565
    1.3777        -3.6063
    1.4194        -3.5671
    1.4612        -3.5397
    1.4758        -3.5390
    1.4904        -3.5370
    1.5050        -3.5336
    1.5196        -3.5288
    1.5342        -3.5227
    1.5488        -3.5152
    1.5634        -3.5065
    1.5780        -3.4966
    1.5926        -3.4855
    1.6072        -3.4733
    1.6218        -3.4601
    1.6364        -3.4462
    1.6510        -3.4318
    1.6656        -3.4176
    1.6802        -3.4047
    1.6948        -3.3959
    1.7094        -3.3982
    1.7240        -3.4280
    1.7387        -3.4980
    1.7533        -3.5948
    1.7679        -3.7030
    1.7825        -3.8158
    1.7971        -3.9305
    1.8117        -4.0462
    1.8263        -4.1621
    1.8409        -4.2780
    1.8555        -4.3936
    1.8701        -4.5088
    1.8847        -4.6234
    1.8993        -4.7374
    1.9139        -4.8507
    1.9285        -4.9631
    1.9431        -5.0742
    1.9577        -5.1831
    1.9723        -5.2665
 &
  
    0.0000        -7.8217
    0.0417        -7.8098
    0.0835        -7.7866
    0.1252        -7.7583
    0.1670        -7.7314
    0.2087        -7.7071
    0.2505        -7.6841
    0.2922        -7.6613
    0.3340        -7.6385
    0.3757        -7.6158
    0.4175        -7.5934
    0.4592        -7.5719
    0.5010        -7.5518
    0.5427        -7.5337
    0.5845        -7.5182
    0.6262        -7.5059
    0.6680        -7.4972
    0.7097        -7.4925
    0.7515        -7.4921
    0.7932        -7.4958
    0.8349        -7.5035
    0.8767        -7.5149
    0.9184        -7.5296
    0.9602        -7.5469
    1.0019        -7.5663
    1.0437        -7.5871
    1.0854        -7.6087
    1.1272        -7.6304
    1.1689        -7.6517
    1.2107        -7.6721
    1.2524        -7.6913
    1.2942        -7.7087
    1.3359        -7.7242
    1.3777        -7.7375
    1.4194        -7.7484
    1.4612        -7.7569
    1.4758        -7.7540
    1.4904        -7.7455
    1.5050        -7.7314
    1.5196        -7.7117
    1.5342        -7.6867
    1.5488        -7.6563
    1.5634        -7.6208
    1.5780        -7.5804
    1.5926        -7.5353
    1.6072        -7.4856
    1.6218        -7.4316
    1.6364        -7.3735
    1.6510        -7.3115
    1.6656        -7.2458
    1.6802        -7.1766
    1.6948        -7.1041
    1.7094        -7.0285
    1.7240        -6.9499
    1.7387        -6.8686
    1.7533        -6.7847
    1.7679        -6.6984
    1.7825        -6.6097
    1.7971        -6.5189
    1.8117        -6.4260
    1.8263        -6.3313
    1.8409        -6.2347
    1.8555        -6.1363
    1.8701        -6.0364
    1.8847        -5.9350
    1.8993        -5.8322
    1.9139        -5.7281
    1.9285        -5.6228
    1.9431        -5.5167
    1.9577        -5.4109
    1.9723        -5.3285
 &
  
    0.0000        -7.8218
    0.0417        -7.8215
    0.0835        -7.8128
    0.1252        -7.8017
    0.1670        -7.7914
    0.2087        -7.7822
    0.2505        -7.7732
    0.2922        -7.7639
    0.3340        -7.7542
    0.3757        -7.7441
    0.4175        -7.7339
    0.4592        -7.7238
    0.5010        -7.7142
    0.5427        -7.7055
    0.5845        -7.6979
    0.6262        -7.6919
    0.6680        -7.6875
    0.7097        -7.6851
    0.7515        -7.6848
    0.7932        -7.6864
    0.8349        -7.6899
    0.8767        -7.6951
    0.9184        -7.7018
    0.9602        -7.7097
    1.0019        -7.7183
    1.0437        -7.7272
    1.0854        -7.7361
    1.1272        -7.7446
    1.1689        -7.7522
    1.2107        -7.7586
    1.2524        -7.7635
    1.2942        -7.7666
    1.3359        -7.7677
    1.3777        -7.7665
    1.4194        -7.7629
    1.4612        -7.7569
    1.4758        -7.7540
    1.4904        -7.7455
    1.5050        -7.7314
    1.5196        -7.7117
    1.5342        -7.6867
    1.5488        -7.6563
    1.5634        -7.6208
    1.5780        -7.5804
    1.5926        -7.5353
    1.6072        -7.4856
    1.6218        -7.4316
    1.6364        -7.3735
    1.6510        -7.3115
    1.6656        -7.2458
    1.6802        -7.1766
    1.6948        -7.1041
    1.7094        -7.0285
    1.7240        -6.9499
    1.7387        -6.8686
    1.7533        -6.7847
    1.7679        -6.6984
    1.7825        -6.6097
    1.7971        -6.5189
    1.8117        -6.4260
    1.8263        -6.3313
    1.8409        -6.2347
    1.8555        -6.1363
    1.8701        -6.0364
    1.8847        -5.9350
    1.8993        -5.8322
    1.9139        -5.7281
    1.9285        -5.6228
    1.9431        -5.5167
    1.9577        -5.4109
    1.9723        -5.3285
 &
  
    0.0000       -11.5869
    0.0417       -11.5910
    0.0835       -11.6027
    0.1252       -11.6207
    0.1670       -11.6428
    0.2087       -11.6666
    0.2505       -11.6899
    0.2922       -11.7111
    0.3340       -11.7294
    0.3757       -11.7446
    0.4175       -11.7569
    0.4592       -11.7670
    0.5010       -11.7752
    0.5427       -11.7820
    0.5845       -11.7879
    0.6262       -11.7931
    0.6680       -11.7979
    0.7097       -11.8024
    0.7515       -11.8068
    0.7932       -11.8113
    0.8349       -11.8157
    0.8767       -11.8202
    0.9184       -11.8248
    0.9602       -11.8294
    1.0019       -11.8340
    1.0437       -11.8385
    1.0854       -11.8429
    1.1272       -11.8471
    1.1689       -11.8511
    1.2107       -11.8548
    1.2524       -11.8581
    1.2942       -11.8609
    1.3359       -11.8633
    1.3777       -11.8651
    1.4194       -11.8663
    1.4612       -11.8670
    1.4758       -11.8688
    1.4904       -11.8742
    1.5050       -11.8832
    1.5196       -11.8956
    1.5342       -11.9113
    1.5488       -11.9303
    1.5634       -11.9523
    1.5780       -11.9772
    1.5926       -12.0047
    1.6072       -12.0347
    1.6218       -12.0670
    1.6364       -12.1013
    1.6510       -12.1374
    1.6656       -12.1752
    1.6802       -12.2143
    1.6948       -12.2547
    1.7094       -12.2961
    1.7240       -12.3384
    1.7387       -12.3813
    1.7533       -12.4246
    1.7679       -12.4683
    1.7825       -12.5121
    1.7971       -12.5559
    1.8117       -12.5994
    1.8263       -12.6425
    1.8409       -12.6849
    1.8555       -12.7264
    1.8701       -12.7666
    1.8847       -12.8052
    1.8993       -12.8414
    1.9139       -12.8746
    1.9285       -12.9034
    1.9431       -12.9262
    1.9577       -12.9412
    1.9723       -12.9464
 &
  
    0.0000       -11.5869
    0.0417       -11.5910
    0.0835       -11.6029
    0.1252       -11.6211
    0.1670       -11.6435
    0.2087       -11.6679
    0.2505       -11.6919
    0.2922       -11.7139
    0.3340       -11.7330
    0.3757       -11.7490
    0.4175       -11.7622
    0.4592       -11.7729
    0.5010       -11.7817
    0.5427       -11.7891
    0.5845       -11.7954
    0.6262       -11.8009
    0.6680       -11.8060
    0.7097       -11.8107
    0.7515       -11.8152
    0.7932       -11.8196
    0.8349       -11.8239
    0.8767       -11.8283
    0.9184       -11.8326
    0.9602       -11.8369
    1.0019       -11.8411
    1.0437       -11.8452
    1.0854       -11.8491
    1.1272       -11.8527
    1.1689       -11.8561
    1.2107       -11.8591
    1.2524       -11.8617
    1.2942       -11.8639
    1.3359       -11.8655
    1.3777       -11.8666
    1.4194       -11.8671
    1.4612       -11.8670
    1.4758       -11.8688
    1.4904       -11.8742
    1.5050       -11.8832
    1.5196       -11.8956
    1.5342       -11.9113
    1.5488       -11.9303
    1.5634       -11.9523
    1.5780       -11.9772
    1.5926       -12.0047
    1.6072       -12.0347
    1.6218       -12.0670
    1.6364       -12.1013
    1.6510       -12.1374
    1.6656       -12.1752
    1.6802       -12.2143
    1.6948       -12.2547
    1.7094       -12.2961
    1.7240       -12.3384
    1.7387       -12.3813
    1.7533       -12.4246
    1.7679       -12.4683
    1.7825       -12.5121
    1.7971       -12.5559
    1.8117       -12.5994
    1.8263       -12.6425
    1.8409       -12.6849
    1.8555       -12.7264
    1.8701       -12.7666
    1.8847       -12.8052
    1.8993       -12.8414
    1.9139       -12.8746
    1.9285       -12.9034
    1.9431       -12.9262
    1.9577       -12.9412
    1.9723       -12.9464
 &
  
    0.0000       -12.1016
    0.0417       -12.1046
    0.0835       -12.1145
    0.1252       -12.1318
    0.1670       -12.1574
    0.2087       -12.1922
    0.2505       -12.2368
    0.2922       -12.2911
    0.3340       -12.3544
    0.3757       -12.4254
    0.4175       -12.5025
    0.4592       -12.5838
    0.5010       -12.6682
    0.5427       -12.7542
    0.5845       -12.8409
    0.6262       -12.9271
    0.6680       -13.0122
    0.7097       -13.0954
    0.7515       -13.1761
    0.7932       -13.2540
    0.8349       -13.3286
    0.8767       -13.3996
    0.9184       -13.4667
    0.9602       -13.5295
    1.0019       -13.5880
    1.0437       -13.6419
    1.0854       -13.6911
    1.1272       -13.7355
    1.1689       -13.7748
    1.2107       -13.8091
    1.2524       -13.8383
    1.2942       -13.8623
    1.3359       -13.8809
    1.3777       -13.8943
    1.4194       -13.9024
    1.4612       -13.9051
    1.4758       -13.9045
    1.4904       -13.9025
    1.5050       -13.8993
    1.5196       -13.8947
    1.5342       -13.8889
    1.5488       -13.8818
    1.5634       -13.8734
    1.5780       -13.8637
    1.5926       -13.8528
    1.6072       -13.8406
    1.6218       -13.8271
    1.6364       -13.8124
    1.6510       -13.7965
    1.6656       -13.7794
    1.6802       -13.7611
    1.6948       -13.7416
    1.7094       -13.7210
    1.7240       -13.6993
    1.7387       -13.6764
    1.7533       -13.6526
    1.7679       -13.6277
    1.7825       -13.6019
    1.7971       -13.5752
    1.8117       -13.5477
    1.8263       -13.5195
    1.8409       -13.4909
    1.8555       -13.4618
    1.8701       -13.4327
    1.8847       -13.4039
    1.8993       -13.3760
    1.9139       -13.3498
    1.9285       -13.3263
    1.9431       -13.3073
    1.9577       -13.2947
    1.9723       -13.2902
 &
  
    0.0000       -12.1016
    0.0417       -12.1051
    0.0835       -12.1153
    0.1252       -12.1329
    0.1670       -12.1587
    0.2087       -12.1935
    0.2505       -12.2380
    0.2922       -12.2920
    0.3340       -12.3550
    0.3757       -12.4257
    0.4175       -12.5025
    0.4592       -12.5841
    0.5010       -12.6686
    0.5427       -12.7549
    0.5845       -12.8416
    0.6262       -12.9279
    0.6680       -13.0131
    0.7097       -13.0963
    0.7515       -13.1771
    0.7932       -13.2550
    0.8349       -13.3296
    0.8767       -13.4005
    0.9184       -13.4676
    0.9602       -13.5304
    1.0019       -13.5888
    1.0437       -13.6427
    1.0854       -13.6918
    1.1272       -13.7361
    1.1689       -13.7754
    1.2107       -13.8096
    1.2524       -13.8387
    1.2942       -13.8626
    1.3359       -13.8812
    1.3777       -13.8945
    1.4194       -13.9025
    1.4612       -13.9051
    1.4758       -13.9045
    1.4904       -13.9025
    1.5050       -13.8993
    1.5196       -13.8947
    1.5342       -13.8889
    1.5488       -13.8818
    1.5634       -13.8734
    1.5780       -13.8637
    1.5926       -13.8528
    1.6072       -13.8406
    1.6218       -13.8271
    1.6364       -13.8124
    1.6510       -13.7965
    1.6656       -13.7794
    1.6802       -13.7611
    1.6948       -13.7416
    1.7094       -13.7210
    1.7240       -13.6993
    1.7387       -13.6764
    1.7533       -13.6526
    1.7679       -13.6277
    1.7825       -13.6019
    1.7971       -13.5752
    1.8117       -13.5477
    1.8263       -13.5195
    1.8409       -13.4909
    1.8555       -13.4618
    1.8701       -13.4327
    1.8847       -13.4039
    1.8993       -13.3760
    1.9139       -13.3498
    1.9285       -13.3263
    1.9431       -13.3073
    1.9577       -13.2947
    1.9723       -13.2902
 &
  
    0.0000       -23.2395
    0.0417       -23.2395
    0.0835       -23.2396
    0.1252       -23.2397
    0.1670       -23.2399
    0.2087       -23.2402
    0.2505       -23.2404
    0.2922       -23.2407
    0.3340       -23.2411
    0.3757       -23.2414
    0.4175       -23.2418
    0.4592       -23.2422
    0.5010       -23.2426
    0.5427       -23.2430
    0.5845       -23.2433
    0.6262       -23.2437
    0.6680       -23.2441
    0.7097       -23.2444
    0.7515       -23.2447
    0.7932       -23.2450
    0.8349       -23.2453
    0.8767       -23.2455
    0.9184       -23.2457
    0.9602       -23.2459
    1.0019       -23.2461
    1.0437       -23.2462
    1.0854       -23.2464
    1.1272       -23.2465
    1.1689       -23.2466
    1.2107       -23.2467
    1.2524       -23.2469
    1.2942       -23.2470
    1.3359       -23.2471
    1.3777       -23.2473
    1.4194       -23.2474
    1.4612       -23.2476
    1.4758       -23.2476
    1.4904       -23.2476
    1.5050       -23.2476
    1.5196       -23.2476
    1.5342       -23.2476
    1.5488       -23.2476
    1.5634       -23.2476
    1.5780       -23.2476
    1.5926       -23.2476
    1.6072       -23.2476
    1.6218       -23.2476
    1.6364       -23.2476
    1.6510       -23.2476
    1.6656       -23.2476
    1.6802       -23.2476
    1.6948       -23.2476
    1.7094       -23.2476
    1.7240       -23.2476
    1.7387       -23.2476
    1.7533       -23.2476
    1.7679       -23.2476
    1.7825       -23.2476
    1.7971       -23.2476
    1.8117       -23.2476
    1.8263       -23.2476
    1.8409       -23.2476
    1.8555       -23.2476
    1.8701       -23.2476
    1.8847       -23.2476
    1.8993       -23.2476
    1.9139       -23.2476
    1.9285       -23.2476
    1.9431       -23.2476
    1.9577       -23.2476
    1.9723       -23.2476
 &
  
    0.0000       -23.2395
    0.0417       -23.2395
    0.0835       -23.2396
    0.1252       -23.2397
    0.1670       -23.2400
    0.2087       -23.2403
    0.2505       -23.2406
    0.2922       -23.2410
    0.3340       -23.2415
    0.3757       -23.2420
    0.4175       -23.2425
    0.4592       -23.2431
    0.5010       -23.2437
    0.5427       -23.2444
    0.5845       -23.2450
    0.6262       -23.2456
    0.6680       -23.2462
    0.7097       -23.2468
    0.7515       -23.2473
    0.7932       -23.2478
    0.8349       -23.2482
    0.8767       -23.2486
    0.9184       -23.2488
    0.9602       -23.2490
    1.0019       -23.2490
    1.0437       -23.2491
    1.0854       -23.2490
    1.1272       -23.2489
    1.1689       -23.2488
    1.2107       -23.2486
    1.2524       -23.2485
    1.2942       -23.2483
    1.3359       -23.2481
    1.3777       -23.2479
    1.4194       -23.2477
    1.4612       -23.2476
    1.4758       -23.2476
    1.4904       -23.2476
    1.5050       -23.2476
    1.5196       -23.2476
    1.5342       -23.2476
    1.5488       -23.2476
    1.5634       -23.2476
    1.5780       -23.2476
    1.5926       -23.2476
    1.6072       -23.2476
    1.6218       -23.2476
    1.6364       -23.2476
    1.6510       -23.2476
    1.6656       -23.2476
    1.6802       -23.2476
    1.6948       -23.2476
    1.7094       -23.2476
    1.7240       -23.2476
    1.7387       -23.2476
    1.7533       -23.2476
    1.7679       -23.2476
    1.7825       -23.2476
    1.7971       -23.2476
    1.8117       -23.2476
    1.8263       -23.2476
    1.8409       -23.2476
    1.8555       -23.2476
    1.8701       -23.2476
    1.8847       -23.2476
    1.8993       -23.2476
    1.9139       -23.2476
    1.9285       -23.2476
    1.9431       -23.2476
    1.9577       -23.2476
    1.9723       -23.2476
 &
  
    0.0000       -23.2573
    0.0417       -23.2571
    0.0835       -23.2570
    0.1252       -23.2568
    0.1670       -23.2567
    0.2087       -23.2566
    0.2505       -23.2564
    0.2922       -23.2563
    0.3340       -23.2562
    0.3757       -23.2560
    0.4175       -23.2559
    0.4592       -23.2558
    0.5010       -23.2557
    0.5427       -23.2557
    0.5845       -23.2556
    0.6262       -23.2555
    0.6680       -23.2555
    0.7097       -23.2555
    0.7515       -23.2554
    0.7932       -23.2554
    0.8349       -23.2555
    0.8767       -23.2555
    0.9184       -23.2556
    0.9602       -23.2556
    1.0019       -23.2557
    1.0437       -23.2558
    1.0854       -23.2560
    1.1272       -23.2561
    1.1689       -23.2563
    1.2107       -23.2564
    1.2524       -23.2566
    1.2942       -23.2568
    1.3359       -23.2570
    1.3777       -23.2571
    1.4194       -23.2573
    1.4612       -23.2575
    1.4758       -23.2575
    1.4904       -23.2575
    1.5050       -23.2575
    1.5196       -23.2575
    1.5342       -23.2575
    1.5488       -23.2575
    1.5634       -23.2575
    1.5780       -23.2574
    1.5926       -23.2574
    1.6072       -23.2574
    1.6218       -23.2574
    1.6364       -23.2574
    1.6510       -23.2574
    1.6656       -23.2574
    1.6802       -23.2574
    1.6948       -23.2574
    1.7094       -23.2574
    1.7240       -23.2574
    1.7387       -23.2574
    1.7533       -23.2574
    1.7679       -23.2574
    1.7825       -23.2574
    1.7971       -23.2573
    1.8117       -23.2573
    1.8263       -23.2573
    1.8409       -23.2573
    1.8555       -23.2573
    1.8701       -23.2573
    1.8847       -23.2573
    1.8993       -23.2573
    1.9139       -23.2573
    1.9285       -23.2573
    1.9431       -23.2573
    1.9577       -23.2573
    1.9723       -23.2573
 &
  
    0.0000       -23.2573
    0.0417       -23.2575
    0.0835       -23.2576
    0.1252       -23.2578
    0.1670       -23.2579
    0.2087       -23.2581
    0.2505       -23.2582
    0.2922       -23.2583
    0.3340       -23.2585
    0.3757       -23.2586
    0.4175       -23.2587
    0.4592       -23.2587
    0.5010       -23.2588
    0.5427       -23.2588
    0.5845       -23.2589
    0.6262       -23.2589
    0.6680       -23.2588
    0.7097       -23.2588
    0.7515       -23.2588
    0.7932       -23.2587
    0.8349       -23.2587
    0.8767       -23.2586
    0.9184       -23.2586
    0.9602       -23.2585
    1.0019       -23.2585
    1.0437       -23.2585
    1.0854       -23.2584
    1.1272       -23.2584
    1.1689       -23.2583
    1.2107       -23.2582
    1.2524       -23.2581
    1.2942       -23.2580
    1.3359       -23.2579
    1.3777       -23.2578
    1.4194       -23.2576
    1.4612       -23.2575
    1.4758       -23.2575
    1.4904       -23.2575
    1.5050       -23.2575
    1.5196       -23.2575
    1.5342       -23.2575
    1.5488       -23.2575
    1.5634       -23.2575
    1.5780       -23.2574
    1.5926       -23.2574
    1.6072       -23.2574
    1.6218       -23.2574
    1.6364       -23.2574
    1.6510       -23.2574
    1.6656       -23.2574
    1.6802       -23.2574
    1.6948       -23.2574
    1.7094       -23.2574
    1.7240       -23.2574
    1.7387       -23.2574
    1.7533       -23.2574
    1.7679       -23.2574
    1.7825       -23.2574
    1.7971       -23.2573
    1.8117       -23.2573
    1.8263       -23.2573
    1.8409       -23.2573
    1.8555       -23.2573
    1.8701       -23.2573
    1.8847       -23.2573
    1.8993       -23.2573
    1.9139       -23.2573
    1.9285       -23.2573
    1.9431       -23.2573
    1.9577       -23.2573
    1.9723       -23.2573
 &
  
    0.0000       -23.2755
    0.0417       -23.2752
    0.0835       -23.2749
    0.1252       -23.2746
    0.1670       -23.2743
    0.2087       -23.2739
    0.2505       -23.2735
    0.2922       -23.2731
    0.3340       -23.2727
    0.3757       -23.2723
    0.4175       -23.2720
    0.4592       -23.2716
    0.5010       -23.2712
    0.5427       -23.2709
    0.5845       -23.2706
    0.6262       -23.2704
    0.6680       -23.2702
    0.7097       -23.2700
    0.7515       -23.2700
    0.7932       -23.2700
    0.8349       -23.2701
    0.8767       -23.2702
    0.9184       -23.2704
    0.9602       -23.2708
    1.0019       -23.2711
    1.0437       -23.2716
    1.0854       -23.2721
    1.1272       -23.2726
    1.1689       -23.2731
    1.2107       -23.2737
    1.2524       -23.2742
    1.2942       -23.2748
    1.3359       -23.2753
    1.3777       -23.2759
    1.4194       -23.2764
    1.4612       -23.2768
    1.4758       -23.2768
    1.4904       -23.2768
    1.5050       -23.2768
    1.5196       -23.2768
    1.5342       -23.2768
    1.5488       -23.2768
    1.5634       -23.2768
    1.5780       -23.2768
    1.5926       -23.2768
    1.6072       -23.2768
    1.6218       -23.2768
    1.6364       -23.2768
    1.6510       -23.2768
    1.6656       -23.2768
    1.6802       -23.2768
    1.6948       -23.2768
    1.7094       -23.2768
    1.7240       -23.2768
    1.7387       -23.2768
    1.7533       -23.2768
    1.7679       -23.2768
    1.7825       -23.2768
    1.7971       -23.2768
    1.8117       -23.2768
    1.8263       -23.2768
    1.8409       -23.2768
    1.8555       -23.2768
    1.8701       -23.2768
    1.8847       -23.2768
    1.8993       -23.2768
    1.9139       -23.2768
    1.9285       -23.2768
    1.9431       -23.2768
    1.9577       -23.2768
    1.9723       -23.2768
 &
  
    0.0000       -23.2755
    0.0417       -23.2757
    0.0835       -23.2760
    0.1252       -23.2762
    0.1670       -23.2764
    0.2087       -23.2766
    0.2505       -23.2767
    0.2922       -23.2769
    0.3340       -23.2770
    0.3757       -23.2772
    0.4175       -23.2773
    0.4592       -23.2774
    0.5010       -23.2775
    0.5427       -23.2777
    0.5845       -23.2778
    0.6262       -23.2779
    0.6680       -23.2781
    0.7097       -23.2782
    0.7515       -23.2783
    0.7932       -23.2785
    0.8349       -23.2786
    0.8767       -23.2787
    0.9184       -23.2788
    0.9602       -23.2788
    1.0019       -23.2789
    1.0437       -23.2789
    1.0854       -23.2789
    1.1272       -23.2788
    1.1689       -23.2787
    1.2107       -23.2786
    1.2524       -23.2784
    1.2942       -23.2782
    1.3359       -23.2779
    1.3777       -23.2776
    1.4194       -23.2772
    1.4612       -23.2768
    1.4758       -23.2768
    1.4904       -23.2768
    1.5050       -23.2768
    1.5196       -23.2768
    1.5342       -23.2768
    1.5488       -23.2768
    1.5634       -23.2768
    1.5780       -23.2768
    1.5926       -23.2768
    1.6072       -23.2768
    1.6218       -23.2768
    1.6364       -23.2768
    1.6510       -23.2768
    1.6656       -23.2768
    1.6802       -23.2768
    1.6948       -23.2768
    1.7094       -23.2768
    1.7240       -23.2768
    1.7387       -23.2768
    1.7533       -23.2768
    1.7679       -23.2768
    1.7825       -23.2768
    1.7971       -23.2768
    1.8117       -23.2768
    1.8263       -23.2768
    1.8409       -23.2768
    1.8555       -23.2768
    1.8701       -23.2768
    1.8847       -23.2768
    1.8993       -23.2768
    1.9139       -23.2768
    1.9285       -23.2768
    1.9431       -23.2768
    1.9577       -23.2768
    1.9723       -23.2768
 &
  
    0.0000       -26.3477
    0.0417       -26.3476
    0.0835       -26.3475
    0.1252       -26.3474
    0.1670       -26.3473
    0.2087       -26.3473
    0.2505       -26.3473
    0.2922       -26.3473
    0.3340       -26.3473
    0.3757       -26.3474
    0.4175       -26.3475
    0.4592       -26.3477
    0.5010       -26.3478
    0.5427       -26.3480
    0.5845       -26.3482
    0.6262       -26.3485
    0.6680       -26.3487
    0.7097       -26.3490
    0.7515       -26.3493
    0.7932       -26.3496
    0.8349       -26.3500
    0.8767       -26.3503
    0.9184       -26.3507
    0.9602       -26.3510
    1.0019       -26.3514
    1.0437       -26.3518
    1.0854       -26.3521
    1.1272       -26.3525
    1.1689       -26.3528
    1.2107       -26.3532
    1.2524       -26.3535
    1.2942       -26.3538
    1.3359       -26.3541
    1.3777       -26.3543
    1.4194       -26.3545
    1.4612       -26.3547
    1.4758       -26.3547
    1.4904       -26.3547
    1.5050       -26.3547
    1.5196       -26.3547
    1.5342       -26.3547
    1.5488       -26.3547
    1.5634       -26.3547
    1.5780       -26.3547
    1.5926       -26.3547
    1.6072       -26.3547
    1.6218       -26.3547
    1.6364       -26.3547
    1.6510       -26.3547
    1.6656       -26.3547
    1.6802       -26.3547
    1.6948       -26.3547
    1.7094       -26.3547
    1.7240       -26.3547
    1.7387       -26.3547
    1.7533       -26.3547
    1.7679       -26.3547
    1.7825       -26.3547
    1.7971       -26.3547
    1.8117       -26.3547
    1.8263       -26.3547
    1.8409       -26.3547
    1.8555       -26.3547
    1.8701       -26.3547
    1.8847       -26.3547
    1.8993       -26.3547
    1.9139       -26.3547
    1.9285       -26.3547
    1.9431       -26.3547
    1.9577       -26.3547
    1.9723       -26.3547
 &
  
    0.0000       -26.3477
    0.0417       -26.3479
    0.0835       -26.3481
    0.1252       -26.3483
    0.1670       -26.3485
    0.2087       -26.3488
    0.2505       -26.3491
    0.2922       -26.3493
    0.3340       -26.3496
    0.3757       -26.3499
    0.4175       -26.3502
    0.4592       -26.3505
    0.5010       -26.3508
    0.5427       -26.3511
    0.5845       -26.3514
    0.6262       -26.3517
    0.6680       -26.3520
    0.7097       -26.3523
    0.7515       -26.3526
    0.7932       -26.3528
    0.8349       -26.3531
    0.8767       -26.3533
    0.9184       -26.3536
    0.9602       -26.3538
    1.0019       -26.3540
    1.0437       -26.3542
    1.0854       -26.3544
    1.1272       -26.3546
    1.1689       -26.3547
    1.2107       -26.3548
    1.2524       -26.3549
    1.2942       -26.3550
    1.3359       -26.3550
    1.3777       -26.3549
    1.4194       -26.3548
    1.4612       -26.3547
    1.4758       -26.3547
    1.4904       -26.3547
    1.5050       -26.3547
    1.5196       -26.3547
    1.5342       -26.3547
    1.5488       -26.3547
    1.5634       -26.3547
    1.5780       -26.3547
    1.5926       -26.3547
    1.6072       -26.3547
    1.6218       -26.3547
    1.6364       -26.3547
    1.6510       -26.3547
    1.6656       -26.3547
    1.6802       -26.3547
    1.6948       -26.3547
    1.7094       -26.3547
    1.7240       -26.3547
    1.7387       -26.3547
    1.7533       -26.3547
    1.7679       -26.3547
    1.7825       -26.3547
    1.7971       -26.3547
    1.8117       -26.3547
    1.8263       -26.3547
    1.8409       -26.3547
    1.8555       -26.3547
    1.8701       -26.3547
    1.8847       -26.3547
    1.8993       -26.3547
    1.9139       -26.3547
    1.9285       -26.3547
    1.9431       -26.3547
    1.9577       -26.3547
    1.9723       -26.3547
 &
  
    0.0000       -26.3607
    0.0417       -26.3606
    0.0835       -26.3605
    0.1252       -26.3604
    0.1670       -26.3603
    0.2087       -26.3602
    0.2505       -26.3601
    0.2922       -26.3599
    0.3340       -26.3598
    0.3757       -26.3597
    0.4175       -26.3596
    0.4592       -26.3594
    0.5010       -26.3593
    0.5427       -26.3592
    0.5845       -26.3591
    0.6262       -26.3590
    0.6680       -26.3589
    0.7097       -26.3588
    0.7515       -26.3587
    0.7932       -26.3587
    0.8349       -26.3586
    0.8767       -26.3585
    0.9184       -26.3584
    0.9602       -26.3583
    1.0019       -26.3583
    1.0437       -26.3582
    1.0854       -26.3581
    1.1272       -26.3581
    1.1689       -26.3580
    1.2107       -26.3580
    1.2524       -26.3579
    1.2942       -26.3579
    1.3359       -26.3579
    1.3777       -26.3579
    1.4194       -26.3580
    1.4612       -26.3581
    1.4758       -26.3581
    1.4904       -26.3581
    1.5050       -26.3581
    1.5196       -26.3581
    1.5342       -26.3581
    1.5488       -26.3581
    1.5634       -26.3581
    1.5780       -26.3581
    1.5926       -26.3581
    1.6072       -26.3581
    1.6218       -26.3581
    1.6364       -26.3581
    1.6510       -26.3581
    1.6656       -26.3581
    1.6802       -26.3581
    1.6948       -26.3581
    1.7094       -26.3581
    1.7240       -26.3580
    1.7387       -26.3581
    1.7533       -26.3581
    1.7679       -26.3581
    1.7825       -26.3581
    1.7971       -26.3580
    1.8117       -26.3581
    1.8263       -26.3580
    1.8409       -26.3581
    1.8555       -26.3581
    1.8701       -26.3581
    1.8847       -26.3581
    1.8993       -26.3580
    1.9139       -26.3580
    1.9285       -26.3580
    1.9431       -26.3580
    1.9577       -26.3580
    1.9723       -26.3580
 &
  
    0.0000       -26.3607
    0.0417       -26.3608
    0.0835       -26.3609
    0.1252       -26.3610
    0.1670       -26.3611
    0.2087       -26.3611
    0.2505       -26.3612
    0.2922       -26.3612
    0.3340       -26.3612
    0.3757       -26.3612
    0.4175       -26.3612
    0.4592       -26.3612
    0.5010       -26.3612
    0.5427       -26.3612
    0.5845       -26.3611
    0.6262       -26.3610
    0.6680       -26.3609
    0.7097       -26.3608
    0.7515       -26.3607
    0.7932       -26.3606
    0.8349       -26.3605
    0.8767       -26.3603
    0.9184       -26.3602
    0.9602       -26.3600
    1.0019       -26.3599
    1.0437       -26.3597
    1.0854       -26.3595
    1.1272       -26.3593
    1.1689       -26.3592
    1.2107       -26.3590
    1.2524       -26.3588
    1.2942       -26.3586
    1.3359       -26.3585
    1.3777       -26.3583
    1.4194       -26.3582
    1.4612       -26.3581
    1.4758       -26.3581
    1.4904       -26.3581
    1.5050       -26.3581
    1.5196       -26.3581
    1.5342       -26.3581
    1.5488       -26.3581
    1.5634       -26.3581
    1.5780       -26.3581
    1.5926       -26.3581
    1.6072       -26.3581
    1.6218       -26.3581
    1.6364       -26.3581
    1.6510       -26.3581
    1.6656       -26.3581
    1.6802       -26.3581
    1.6948       -26.3581
    1.7094       -26.3581
    1.7240       -26.3580
    1.7387       -26.3581
    1.7533       -26.3581
    1.7679       -26.3581
    1.7825       -26.3581
    1.7971       -26.3580
    1.8117       -26.3581
    1.8263       -26.3580
    1.8409       -26.3581
    1.8555       -26.3581
    1.8701       -26.3581
    1.8847       -26.3581
    1.8993       -26.3581
    1.9139       -26.3580
    1.9285       -26.3580
    1.9431       -26.3580
    1.9577       -26.3580
    1.9723       -26.3580
 &
  
    1.4612       -26.3580
    1.4612        10.7428
 &
  
    0.0000         0.0000
    1.9723         0.0000
 &
