           0     -22.4324
  0.00611975     -22.4325
   0.0122395     -22.4329
   0.0183593     -22.4334
    0.024479      -22.434
   0.0305988     -22.4348
   0.0367185     -22.4356
   0.0428383     -22.4364
    0.048958     -22.4373
   0.0550778     -22.4382
   0.0611975     -22.4391
   0.0673173       -22.44
    0.073437     -22.4408
   0.0795568     -22.4416
   0.0856765     -22.4422
   0.0917963     -22.4428
    0.097916     -22.4433
    0.104036     -22.4436
    0.110156     -22.4438
    0.116275     -22.4439
    0.116275     -22.4439
    0.122395     -22.4439
    0.128515     -22.4439
    0.134635     -22.4438
    0.140754     -22.4438
    0.146874     -22.4437
    0.152994     -22.4437
    0.159114     -22.4436
    0.165233     -22.4435
    0.171353     -22.4435
    0.177473     -22.4434
    0.183593     -22.4433
    0.189712     -22.4432
    0.195832     -22.4432
    0.201952     -22.4431
    0.208072      -22.443
    0.214191      -22.443
    0.220311      -22.443
    0.226431      -22.443
    0.232551      -22.443
    0.232551      -22.443
    0.241205     -22.4429
     0.24986     -22.4427
    0.258514     -22.4424
    0.267169     -22.4421
    0.275824     -22.4416
    0.284478      -22.441
    0.293133     -22.4404
    0.301788     -22.4396
    0.310442     -22.4389
    0.319097     -22.4381
    0.327751     -22.4373
    0.336406     -22.4365
    0.345061     -22.4356
    0.353715     -22.4349
     0.36237     -22.4341
    0.371025     -22.4335
    0.379679     -22.4329
    0.388334     -22.4326
    0.396989     -22.4324
    0.396989     -22.4324
     0.40127     -22.4324
    0.405552     -22.4324
    0.409834     -22.4324
    0.414116     -22.4324
    0.418398     -22.4324
     0.42268     -22.4324
    0.426962     -22.4325
    0.431244     -22.4325
    0.435525     -22.4325
    0.439807     -22.4325
    0.444089     -22.4325
    0.448371     -22.4325
    0.452653     -22.4325
    0.456935     -22.4325
    0.461217     -22.4325
    0.465499     -22.4325
     0.46978     -22.4325
    0.474062     -22.4325
    0.478344     -22.4325
    0.478344     -22.4325
    0.484464     -22.4326
    0.490584      -22.433
    0.496703     -22.4335
    0.502823     -22.4341
    0.508943     -22.4349
    0.515063     -22.4357
    0.521182     -22.4365
    0.527302     -22.4374
    0.533422     -22.4383
    0.539542     -22.4392
    0.545661     -22.4401
    0.551781     -22.4409
    0.557901     -22.4417
    0.564021     -22.4424
     0.57014      -22.443
     0.57626     -22.4434
     0.58238     -22.4438
      0.5885      -22.444
    0.594619     -22.4441
    0.594619     -22.4441
    0.600739     -22.4441
    0.606859      -22.444
    0.612979      -22.444
    0.619098      -22.444
    0.625218     -22.4439
    0.631338     -22.4438
    0.637458     -22.4438
    0.643577     -22.4437
    0.649697     -22.4436
    0.655817     -22.4435
    0.661937     -22.4434
    0.668056     -22.4434
    0.674176     -22.4433
    0.680296     -22.4432
    0.686416     -22.4432
    0.692535     -22.4431
    0.698655     -22.4431
    0.704775     -22.4431
    0.710895     -22.4431
    0.710895     -22.4431
    0.719549      -22.443
    0.728204     -22.4428
    0.736859     -22.4425
    0.745513     -22.4422
    0.754168     -22.4417
    0.762822     -22.4411
    0.771477     -22.4405
    0.780132     -22.4398
    0.788786      -22.439
    0.797441     -22.4382
    0.806096     -22.4374
     0.81475     -22.4365
    0.823405     -22.4357
     0.83206     -22.4349
    0.840714     -22.4342
    0.849369     -22.4336
    0.858023      -22.433
    0.866678     -22.4327
    0.875333     -22.4325

           0     -22.4324
  0.00611975     -22.4324
   0.0122395     -22.4324
   0.0183593     -22.4324
    0.024479     -22.4324
   0.0305988     -22.4323
   0.0367185     -22.4323
   0.0428383     -22.4322
    0.048958     -22.4322
   0.0550778     -22.4321
   0.0611975      -22.432
   0.0673173      -22.432
    0.073437     -22.4319
   0.0795568     -22.4318
   0.0856765     -22.4318
   0.0917963     -22.4318
    0.097916     -22.4317
    0.104036     -22.4317
    0.110156     -22.4317
    0.116275     -22.4317
    0.116275     -22.4317
    0.122395     -22.4318
    0.128515     -22.4321
    0.134635     -22.4326
    0.140754     -22.4332
    0.146874     -22.4339
    0.152994     -22.4347
    0.159114     -22.4356
    0.165233     -22.4364
    0.171353     -22.4373
    0.177473     -22.4382
    0.183593     -22.4391
    0.189712     -22.4399
    0.195832     -22.4406
    0.201952     -22.4413
    0.208072     -22.4419
    0.214191     -22.4424
    0.220311     -22.4427
    0.226431     -22.4429
    0.232551      -22.443
    0.232551      -22.443
    0.241205     -22.4429
     0.24986     -22.4427
    0.258514     -22.4424
    0.267169     -22.4419
    0.275824     -22.4413
    0.284478     -22.4407
    0.293133       -22.44
    0.301788     -22.4392
    0.310442     -22.4383
    0.319097     -22.4375
    0.327751     -22.4367
    0.336406     -22.4358
    0.345061     -22.4351
    0.353715     -22.4344
     0.36237     -22.4337
    0.371025     -22.4332
    0.379679     -22.4328
    0.388334     -22.4325
    0.396989     -22.4324
    0.396989     -22.4324
     0.40127     -22.4324
    0.405552     -22.4324
    0.409834     -22.4324
    0.414116     -22.4324
    0.418398     -22.4324
     0.42268     -22.4324
    0.426962     -22.4325
    0.431244     -22.4325
    0.435525     -22.4325
    0.439807     -22.4325
    0.444089     -22.4325
    0.448371     -22.4325
    0.452653     -22.4325
    0.456935     -22.4325
    0.461217     -22.4325
    0.465499     -22.4325
     0.46978     -22.4325
    0.474062     -22.4325
    0.478344     -22.4325
    0.478344     -22.4325
    0.484464     -22.4325
    0.490584     -22.4325
    0.496703     -22.4325
    0.502823     -22.4324
    0.508943     -22.4324
    0.515063     -22.4323
    0.521182     -22.4323
    0.527302     -22.4322
    0.533422     -22.4321
    0.539542     -22.4321
    0.545661      -22.432
    0.551781      -22.432
    0.557901     -22.4319
    0.564021     -22.4319
     0.57014     -22.4318
     0.57626     -22.4318
     0.58238     -22.4318
      0.5885     -22.4317
    0.594619     -22.4317
    0.594619     -22.4317
    0.600739     -22.4318
    0.606859     -22.4322
    0.612979     -22.4327
    0.619098     -22.4333
    0.625218      -22.434
    0.631338     -22.4348
    0.637458     -22.4356
    0.643577     -22.4365
    0.649697     -22.4374
    0.655817     -22.4383
    0.661937     -22.4392
    0.668056       -22.44
    0.674176     -22.4407
    0.680296     -22.4414
    0.686416      -22.442
    0.692535     -22.4424
    0.698655     -22.4428
    0.704775      -22.443
    0.710895     -22.4431
    0.710895     -22.4431
    0.719549      -22.443
    0.728204     -22.4428
    0.736859     -22.4425
    0.745513      -22.442
    0.754168     -22.4414
    0.762822     -22.4408
    0.771477     -22.4401
    0.780132     -22.4393
    0.788786     -22.4384
    0.797441     -22.4376
    0.806096     -22.4367
     0.81475     -22.4359
    0.823405     -22.4352
     0.83206     -22.4344
    0.840714     -22.4338
    0.849369     -22.4333
    0.858023     -22.4329
    0.866678     -22.4326
    0.875333     -22.4325

           0      -22.429
  0.00611975      -22.429
   0.0122395     -22.4289
   0.0183593     -22.4287
    0.024479     -22.4286
   0.0305988     -22.4285
   0.0367185     -22.4284
   0.0428383     -22.4283
    0.048958     -22.4282
   0.0550778     -22.4281
   0.0611975      -22.428
   0.0673173      -22.428
    0.073437     -22.4279
   0.0795568     -22.4279
   0.0856765     -22.4279
   0.0917963     -22.4278
    0.097916     -22.4278
    0.104036     -22.4278
    0.110156     -22.4278
    0.116275     -22.4278
    0.116275     -22.4278
    0.122395     -22.4277
    0.128515     -22.4274
    0.134635      -22.427
    0.140754     -22.4265
    0.146874     -22.4259
    0.152994     -22.4254
    0.159114     -22.4248
    0.165233     -22.4243
    0.171353     -22.4238
    0.177473     -22.4233
    0.183593     -22.4229
    0.189712     -22.4225
    0.195832     -22.4221
    0.201952     -22.4219
    0.208072     -22.4216
    0.214191     -22.4215
    0.220311     -22.4213
    0.226431     -22.4213
    0.232551     -22.4213
    0.232551     -22.4213
    0.241205     -22.4213
     0.24986     -22.4214
    0.258514     -22.4217
    0.267169      -22.422
    0.275824     -22.4224
    0.284478     -22.4229
    0.293133     -22.4234
    0.301788      -22.424
    0.310442     -22.4246
    0.319097     -22.4252
    0.327751     -22.4258
    0.336406     -22.4264
    0.345061     -22.4269
    0.353715     -22.4275
     0.36237      -22.428
    0.371025     -22.4284
    0.379679     -22.4287
    0.388334     -22.4289
    0.396989      -22.429
    0.396989      -22.429
     0.40127      -22.429
    0.405552      -22.429
    0.409834      -22.429
    0.414116      -22.429
    0.418398      -22.429
     0.42268     -22.4289
    0.426962     -22.4289
    0.431244     -22.4289
    0.435525     -22.4289
    0.439807     -22.4289
    0.444089     -22.4289
    0.448371     -22.4288
    0.452653     -22.4288
    0.456935     -22.4288
    0.461217     -22.4288
    0.465499     -22.4288
     0.46978     -22.4288
    0.474062     -22.4288
    0.478344     -22.4288
    0.478344     -22.4288
    0.484464     -22.4287
    0.490584     -22.4286
    0.496703     -22.4285
    0.502823     -22.4284
    0.508943     -22.4283
    0.515063     -22.4281
    0.521182      -22.428
    0.527302      -22.428
    0.533422     -22.4279
    0.539542     -22.4278
    0.545661     -22.4278
    0.551781     -22.4277
    0.557901     -22.4277
    0.564021     -22.4277
     0.57014     -22.4277
     0.57626     -22.4276
     0.58238     -22.4276
      0.5885     -22.4276
    0.594619     -22.4276
    0.594619     -22.4276
    0.600739     -22.4275
    0.606859     -22.4272
    0.612979     -22.4268
    0.619098     -22.4263
    0.625218     -22.4258
    0.631338     -22.4252
    0.637458     -22.4247
    0.643577     -22.4241
    0.649697     -22.4236
    0.655817     -22.4231
    0.661937     -22.4227
    0.668056     -22.4223
    0.674176      -22.422
    0.680296     -22.4217
    0.686416     -22.4215
    0.692535     -22.4213
    0.698655     -22.4212
    0.704775     -22.4211
    0.710895     -22.4211
    0.710895     -22.4211
    0.719549     -22.4211
    0.728204     -22.4213
    0.736859     -22.4215
    0.745513     -22.4218
    0.754168     -22.4222
    0.762822     -22.4227
    0.771477     -22.4232
    0.780132     -22.4238
    0.788786     -22.4244
    0.797441      -22.425
    0.806096     -22.4256
     0.81475     -22.4262
    0.823405     -22.4267
     0.83206     -22.4273
    0.840714     -22.4278
    0.849369     -22.4282
    0.858023     -22.4285
    0.866678     -22.4287
    0.875333     -22.4288

           0     -22.4207
  0.00611975     -22.4206
   0.0122395     -22.4201
   0.0183593     -22.4194
    0.024479     -22.4184
   0.0305988     -22.4172
   0.0367185     -22.4158
   0.0428383     -22.4143
    0.048958     -22.4127
   0.0550778      -22.411
   0.0611975     -22.4093
   0.0673173     -22.4076
    0.073437      -22.406
   0.0795568     -22.4045
   0.0856765     -22.4032
   0.0917963     -22.4021
    0.097916     -22.4011
    0.104036     -22.4005
    0.110156     -22.4001
    0.116275     -22.3999
    0.116275     -22.3999
    0.122395     -22.3998
    0.128515     -22.3995
    0.134635     -22.3991
    0.140754     -22.3985
    0.146874     -22.3977
    0.152994     -22.3968
    0.159114     -22.3957
    0.165233     -22.3945
    0.171353     -22.3932
    0.177473     -22.3919
    0.183593     -22.3906
    0.189712     -22.3893
    0.195832      -22.388
    0.201952     -22.3869
    0.208072     -22.3859
    0.214191     -22.3852
    0.220311     -22.3846
    0.226431     -22.3842
    0.232551     -22.3841
    0.232551     -22.3841
    0.241205     -22.3843
     0.24986     -22.3851
    0.258514     -22.3862
    0.267169     -22.3878
    0.275824     -22.3898
    0.284478     -22.3921
    0.293133     -22.3947
    0.301788     -22.3975
    0.310442     -22.4004
    0.319097     -22.4033
    0.327751     -22.4062
    0.336406     -22.4091
    0.345061     -22.4118
    0.353715     -22.4142
     0.36237     -22.4164
    0.371025     -22.4182
    0.379679     -22.4196
    0.388334     -22.4204
    0.396989     -22.4207
    0.396989     -22.4207
     0.40127     -22.4207
    0.405552     -22.4207
    0.409834     -22.4207
    0.414116     -22.4207
    0.418398     -22.4207
     0.42268     -22.4207
    0.426962     -22.4207
    0.431244     -22.4207
    0.435525     -22.4207
    0.439807     -22.4207
    0.444089     -22.4207
    0.448371     -22.4207
    0.452653     -22.4207
    0.456935     -22.4207
    0.461217     -22.4208
    0.465499     -22.4208
     0.46978     -22.4208
    0.474062     -22.4208
    0.478344     -22.4208
    0.478344     -22.4208
    0.484464     -22.4206
    0.490584     -22.4201
    0.496703     -22.4194
    0.502823     -22.4184
    0.508943     -22.4172
    0.515063     -22.4158
    0.521182     -22.4143
    0.527302     -22.4127
    0.533422      -22.411
    0.539542     -22.4093
    0.545661     -22.4076
    0.551781      -22.406
    0.557901     -22.4045
    0.564021     -22.4032
     0.57014      -22.402
     0.57626     -22.4011
     0.58238     -22.4004
      0.5885        -22.4
    0.594619     -22.3999
    0.594619     -22.3999
    0.600739     -22.3998
    0.606859     -22.3995
    0.612979     -22.3991
    0.619098     -22.3985
    0.625218     -22.3977
    0.631338     -22.3967
    0.637458     -22.3957
    0.643577     -22.3945
    0.649697     -22.3932
    0.655817     -22.3919
    0.661937     -22.3906
    0.668056     -22.3893
    0.674176      -22.388
    0.680296     -22.3869
    0.686416     -22.3859
    0.692535     -22.3852
    0.698655     -22.3846
    0.704775     -22.3842
    0.710895     -22.3841
    0.710895     -22.3841
    0.719549     -22.3843
    0.728204      -22.385
    0.736859     -22.3862
    0.745513     -22.3878
    0.754168     -22.3898
    0.762822     -22.3921
    0.771477     -22.3947
    0.780132     -22.3975
    0.788786     -22.4004
    0.797441     -22.4033
    0.806096     -22.4062
     0.81475     -22.4091
    0.823405     -22.4118
     0.83206     -22.4142
    0.840714     -22.4164
    0.849369     -22.4182
    0.858023     -22.4196
    0.866678     -22.4205
    0.875333     -22.4208

           0     -22.3644
  0.00611975     -22.3645
   0.0122395     -22.3646
   0.0183593     -22.3647
    0.024479      -22.365
   0.0305988     -22.3652
   0.0367185     -22.3655
   0.0428383     -22.3659
    0.048958     -22.3662
   0.0550778     -22.3666
   0.0611975      -22.367
   0.0673173     -22.3674
    0.073437     -22.3678
   0.0795568     -22.3681
   0.0856765     -22.3684
   0.0917963     -22.3687
    0.097916     -22.3689
    0.104036     -22.3691
    0.110156     -22.3692
    0.116275     -22.3692
    0.116275     -22.3692
    0.122395     -22.3692
    0.128515     -22.3693
    0.134635     -22.3695
    0.140754     -22.3697
    0.146874       -22.37
    0.152994     -22.3704
    0.159114     -22.3708
    0.165233     -22.3712
    0.171353     -22.3716
    0.177473     -22.3721
    0.183593     -22.3725
    0.189712     -22.3729
    0.195832     -22.3733
    0.201952     -22.3736
    0.208072     -22.3739
    0.214191     -22.3741
    0.220311     -22.3743
    0.226431     -22.3744
    0.232551     -22.3744
    0.232551     -22.3744
    0.241205     -22.3744
     0.24986     -22.3742
    0.258514     -22.3738
    0.267169     -22.3734
    0.275824     -22.3728
    0.284478     -22.3721
    0.293133     -22.3714
    0.301788     -22.3706
    0.310442     -22.3697
    0.319097     -22.3689
    0.327751     -22.3681
    0.336406     -22.3673
    0.345061     -22.3666
    0.353715      -22.366
     0.36237     -22.3655
    0.371025      -22.365
    0.379679     -22.3647
    0.388334     -22.3645
    0.396989     -22.3644
    0.396989     -22.3644
     0.40127     -22.3644
    0.405552     -22.3645
    0.409834     -22.3645
    0.414116     -22.3645
    0.418398     -22.3645
     0.42268     -22.3645
    0.426962     -22.3645
    0.431244     -22.3645
    0.435525     -22.3645
    0.439807     -22.3645
    0.444089     -22.3645
    0.448371     -22.3645
    0.452653     -22.3645
    0.456935     -22.3645
    0.461217     -22.3645
    0.465499     -22.3645
     0.46978     -22.3645
    0.474062     -22.3645
    0.478344     -22.3645
    0.478344     -22.3645
    0.484464     -22.3645
    0.490584     -22.3646
    0.496703     -22.3647
    0.502823      -22.365
    0.508943     -22.3652
    0.515063     -22.3655
    0.521182     -22.3659
    0.527302     -22.3662
    0.533422     -22.3666
    0.539542      -22.367
    0.545661     -22.3674
    0.551781     -22.3678
    0.557901     -22.3681
    0.564021     -22.3684
     0.57014     -22.3687
     0.57626     -22.3689
     0.58238      -22.369
      0.5885     -22.3692
    0.594619     -22.3692
    0.594619     -22.3692
    0.600739     -22.3692
    0.606859     -22.3693
    0.612979     -22.3695
    0.619098     -22.3697
    0.625218       -22.37
    0.631338     -22.3704
    0.637458     -22.3708
    0.643577     -22.3712
    0.649697     -22.3716
    0.655817      -22.372
    0.661937     -22.3724
    0.668056     -22.3729
    0.674176     -22.3732
    0.680296     -22.3736
    0.686416     -22.3739
    0.692535     -22.3741
    0.698655     -22.3743
    0.704775     -22.3744
    0.710895     -22.3744
    0.710895     -22.3744
    0.719549     -22.3743
    0.728204     -22.3741
    0.736859     -22.3738
    0.745513     -22.3733
    0.754168     -22.3728
    0.762822     -22.3721
    0.771477     -22.3713
    0.780132     -22.3705
    0.788786     -22.3697
    0.797441     -22.3689
    0.806096     -22.3681
     0.81475     -22.3673
    0.823405     -22.3666
     0.83206      -22.366
    0.840714     -22.3654
    0.849369      -22.365
    0.858023     -22.3647
    0.866678     -22.3645
    0.875333     -22.3645

           0     -12.2928
  0.00611975     -12.2888
   0.0122395     -12.2765
   0.0183593     -12.2562
    0.024479     -12.2278
   0.0305988     -12.1916
   0.0367185     -12.1478
   0.0428383     -12.0967
    0.048958     -12.0384
   0.0550778     -11.9735
   0.0611975     -11.9024
   0.0673173     -11.8255
    0.073437     -11.7436
   0.0795568     -11.6574
   0.0856765     -11.5678
   0.0917963     -11.4756
    0.097916     -11.3819
    0.104036     -11.2881
    0.110156     -11.1958
    0.116275     -11.1204
    0.116275     -11.1204
    0.122395      -11.117
    0.128515     -11.1067
    0.134635     -11.0897
    0.140754     -11.0662
    0.146874     -11.0365
    0.152994     -11.0012
    0.159114     -10.9607
    0.165233     -10.9158
    0.171353     -10.8673
    0.177473     -10.8163
    0.183593     -10.7679
    0.189712     -10.7215
    0.195832     -10.6767
    0.201952      -10.635
    0.208072      -10.598
    0.214191     -10.5672
    0.220311      -10.544
    0.226431     -10.5296
    0.232551     -10.5247
    0.232551     -10.5247
    0.241205     -10.5375
     0.24986     -10.5915
    0.258514     -10.6843
    0.267169     -10.8036
    0.275824     -10.9403
    0.284478     -11.0866
    0.293133     -11.2365
    0.301788      -11.385
    0.310442     -11.5286
    0.319097     -11.6642
    0.327751     -11.7898
    0.336406     -11.9037
    0.345061     -12.0045
    0.353715     -12.0912
     0.36237     -12.1631
    0.371025     -12.2196
    0.379679     -12.2602
    0.388334     -12.2847
    0.396989     -12.2928
    0.396989     -12.2928
     0.40127     -12.2908
    0.405552     -12.2848
    0.409834     -12.2748
    0.414116     -12.2608
    0.418398     -12.2429
     0.42268      -12.221
    0.426962     -12.1952
    0.431244     -12.1657
    0.435525     -12.1323
    0.439807     -12.0952
    0.444089     -12.0545
    0.448371     -12.0103
    0.452653     -11.9626
    0.456935     -11.9117
    0.461217     -11.8576
    0.465499     -11.8006
     0.46978     -11.7412
    0.474062     -11.6808
    0.478344     -11.6371
    0.478344     -11.6371
    0.484464     -11.6338
    0.490584     -11.6241
    0.496703     -11.6081
    0.502823      -11.586
    0.508943     -11.5581
    0.515063      -11.525
    0.521182     -11.4871
    0.527302     -11.4453
    0.533422     -11.4003
    0.539542     -11.3532
    0.545661      -11.305
    0.551781     -11.2572
    0.557901     -11.2112
    0.564021     -11.1685
     0.57014     -11.1307
     0.57626     -11.0993
     0.58238     -11.0757
      0.5885     -11.0611
    0.594619     -11.0561
    0.594619     -11.0561
    0.600739     -11.0528
    0.606859     -11.0429
    0.612979     -11.0266
    0.619098     -11.0041
    0.625218     -10.9757
    0.631338      -10.942
    0.637458     -10.9034
    0.643577     -10.8627
    0.649697     -10.8221
    0.655817     -10.7796
    0.661937     -10.7362
    0.668056     -10.6931
    0.674176     -10.6516
    0.680296     -10.6131
    0.686416     -10.5791
    0.692535     -10.5508
    0.698655     -10.5297
    0.704775     -10.5165
    0.710895     -10.5121
    0.710895     -10.5121
    0.719549      -10.521
    0.728204     -10.5473
    0.736859     -10.5898
    0.745513     -10.6466
    0.754168     -10.7154
    0.762822     -10.7933
    0.771477     -10.8776
    0.780132     -10.9694
    0.788786     -11.0667
    0.797441     -11.1619
    0.806096     -11.2524
     0.81475     -11.3365
    0.823405     -11.4125
     0.83206      -11.479
    0.840714     -11.5348
    0.849369     -11.5791
    0.858023     -11.6111
    0.866678     -11.6306
    0.875333     -11.6371

           0     -10.5401
  0.00611975     -10.5397
   0.0122395     -10.5387
   0.0183593     -10.5373
    0.024479     -10.5359
   0.0305988     -10.5354
   0.0367185     -10.5365
   0.0428383     -10.5402
    0.048958     -10.5476
   0.0550778     -10.5599
   0.0611975     -10.5783
   0.0673173     -10.6038
    0.073437     -10.6374
   0.0795568     -10.6795
   0.0856765     -10.7306
   0.0917963     -10.7903
    0.097916     -10.8583
    0.104036     -10.9337
    0.110156     -11.0148
    0.116275     -11.0865
    0.116275     -11.0865
    0.122395     -11.0834
    0.128515     -11.0741
    0.134635     -11.0589
    0.140754     -11.0378
    0.146874     -11.0112
    0.152994     -10.9795
    0.159114     -10.9433
    0.165233     -10.9031
    0.171353     -10.8599
    0.177473     -10.8144
    0.183593     -10.7639
    0.189712     -10.7117
    0.195832     -10.6611
    0.201952     -10.6138
    0.208072     -10.5718
    0.214191     -10.5368
    0.220311     -10.5104
    0.226431     -10.4939
    0.232551     -10.4883
    0.232551     -10.4883
    0.241205     -10.4964
     0.24986     -10.5025
    0.258514     -10.5031
    0.267169     -10.5021
    0.275824     -10.5008
    0.284478     -10.4998
    0.293133     -10.4994
    0.301788     -10.4999
    0.310442     -10.5016
    0.319097     -10.5043
    0.327751     -10.5082
    0.336406     -10.5129
    0.345061     -10.5182
    0.353715     -10.5237
     0.36237     -10.5289
    0.371025     -10.5335
    0.379679     -10.5371
    0.388334     -10.5393
    0.396989     -10.5401
    0.396989     -10.5401
     0.40127     -10.5453
    0.405552     -10.5608
    0.409834     -10.5861
    0.414116     -10.6205
    0.418398     -10.6631
     0.42268     -10.7131
    0.426962     -10.7692
    0.431244     -10.8305
    0.435525     -10.8959
    0.439807     -10.9645
    0.444089     -11.0355
    0.448371      -11.108
    0.452653     -11.1812
    0.456935     -11.2547
    0.461217     -11.3277
    0.465499     -11.3997
     0.46978     -11.4701
    0.474062     -11.5371
    0.478344     -11.5831
    0.478344     -11.5831
    0.484464       -11.58
    0.490584     -11.5709
    0.496703     -11.5559
    0.502823     -11.5351
    0.508943      -11.509
    0.515063     -11.4779
    0.521182     -11.4423
    0.527302      -11.403
    0.533422     -11.3606
    0.539542     -11.3162
    0.545661     -11.2709
    0.551781     -11.2258
    0.557901     -11.1823
    0.564021      -11.142
     0.57014     -11.1063
     0.57626     -11.0766
     0.58238     -11.0544
      0.5885     -11.0406
    0.594619     -11.0359
    0.594619     -11.0359
    0.600739      -11.033
    0.606859     -11.0242
    0.612979     -11.0097
    0.619098     -10.9897
    0.625218     -10.9646
    0.631338     -10.9346
    0.637458     -10.9005
    0.643577     -10.8607
    0.649697     -10.8147
    0.655817     -10.7665
    0.661937     -10.7173
    0.668056     -10.6683
    0.674176      -10.621
    0.680296     -10.5771
    0.686416     -10.5382
    0.692535     -10.5059
    0.698655     -10.4816
    0.704775     -10.4666
    0.710895     -10.4615
    0.710895     -10.4615
    0.719549     -10.4717
    0.728204     -10.5018
    0.736859     -10.5502
    0.745513     -10.6146
    0.754168     -10.6919
    0.762822      -10.779
    0.771477     -10.8725
    0.780132     -10.9655
    0.788786     -11.0542
    0.797441     -11.1415
    0.806096     -11.2249
     0.81475     -11.3028
    0.823405     -11.3733
     0.83206     -11.4352
    0.840714     -11.4873
    0.849369     -11.5287
    0.858023     -11.5588
    0.866678      -11.577
    0.875333     -11.5831

           0     -6.67418
  0.00611975     -6.67238
   0.0122395     -6.66688
   0.0183593     -6.65798
    0.024479     -6.64578
   0.0305988     -6.63038
   0.0367185     -6.61198
   0.0428383     -6.59068
    0.048958     -6.56618
   0.0550778     -6.53808
   0.0611975     -6.50548
   0.0673173     -6.46718
    0.073437     -6.42178
   0.0795568     -6.36758
   0.0856765     -6.30288
   0.0917963     -6.22668
    0.097916     -6.13858
    0.104036     -6.04078
    0.110156     -5.94338
    0.116275     -5.89118
    0.116275     -5.89118
    0.122395     -5.89368
    0.128515     -5.90138
    0.134635     -5.91468
    0.140754     -5.93388
    0.146874     -5.95968
    0.152994     -5.99278
    0.159114     -6.03348
    0.165233     -6.08208
    0.171353     -6.13828
    0.177473     -6.20118
    0.183593     -6.26918
    0.189712     -6.34018
    0.195832     -6.41128
    0.201952     -6.47928
    0.208072     -6.54098
    0.214191     -6.59308
    0.220311     -6.63258
    0.226431     -6.65728
    0.232551     -6.66568
    0.232551     -6.66568
    0.241205     -6.66218
     0.24986     -6.65198
    0.258514     -6.63588
    0.267169     -6.61528
    0.275824     -6.59238
    0.284478     -6.56938
    0.293133     -6.54908
    0.301788     -6.53398
    0.310442     -6.52618
    0.319097     -6.52688
    0.327751     -6.53608
    0.336406     -6.55248
    0.345061     -6.57398
    0.353715     -6.59808
     0.36237     -6.62198
    0.371025     -6.64328
    0.379679     -6.65998
    0.388334     -6.67058
    0.396989     -6.67418
    0.396989     -6.67418
     0.40127     -6.66598
    0.405552     -6.64148
    0.409834     -6.60118
    0.414116     -6.54578
    0.418398     -6.47618
     0.42268     -6.39338
    0.426962     -6.29838
    0.431244     -6.19238
    0.435525     -6.07628
    0.439807     -5.95118
    0.444089     -5.81798
    0.448371     -5.67738
    0.452653     -5.53018
    0.456935     -5.37708
    0.461217     -5.21868
    0.465499     -5.05538
     0.46978     -4.88788
    0.474062     -4.71638
    0.478344     -4.54588
    0.478344     -4.54588
    0.484464     -4.55988
    0.490584     -4.60438
    0.496703     -4.67838
    0.502823     -4.77878
    0.508943     -4.90188
    0.515063     -5.04308
    0.521182     -5.19738
    0.527302     -5.35958
    0.533422     -5.52508
    0.539542     -5.68908
    0.545661     -5.84778
    0.551781     -5.99738
    0.557901     -6.13458
    0.564021     -6.25638
     0.57014     -6.36018
     0.57626     -6.44358
     0.58238     -6.50468
      0.5885     -6.54198
    0.594619     -6.55448
    0.594619     -6.55448
    0.600739     -6.55268
    0.606859     -6.54738
    0.612979     -6.53888
    0.619098     -6.52758
    0.625218     -6.51418
    0.631338     -6.49978
    0.637458     -6.48518
    0.643577     -6.47188
    0.649697     -6.46098
    0.655817     -6.45388
    0.661937     -6.45158
    0.668056     -6.45448
    0.674176     -6.46268
    0.680296     -6.47508
    0.686416     -6.48998
    0.692535     -6.50518
    0.698655     -6.51828
    0.704775     -6.52718
    0.710895     -6.53028
    0.710895     -6.53028
    0.719549     -6.52168
    0.728204     -6.49588
    0.736859     -6.45298
    0.745513     -6.39318
    0.754168     -6.31668
    0.762822     -6.22408
    0.771477     -6.11598
    0.780132     -5.99338
    0.788786     -5.85738
    0.797441     -5.70968
    0.806096     -5.55238
     0.81475     -5.38838
    0.823405     -5.22128
     0.83206     -5.05598
    0.840714     -4.89898
    0.849369     -4.75888
    0.858023     -4.64598
    0.866678     -4.57188
    0.875333     -4.54588

           0     -2.63798
  0.00611975     -2.66688
   0.0122395     -2.74838
   0.0183593     -2.86948
    0.024479     -3.01538
   0.0305988     -3.17328
   0.0367185     -3.33428
   0.0428383     -3.49318
    0.048958     -3.64968
   0.0550778     -3.80878
   0.0611975     -3.97978
   0.0673173     -4.16968
    0.073437     -4.37558
   0.0795568     -4.58858
   0.0856765     -4.80008
   0.0917963     -5.00408
    0.097916     -5.19588
    0.104036     -5.36978
    0.110156     -5.51358
    0.116275     -5.58148
    0.116275     -5.58148
    0.122395     -5.58608
    0.128515     -5.59988
    0.134635     -5.62328
    0.140754     -5.65678
    0.146874     -5.70098
    0.152994     -5.75618
    0.159114     -5.82228
    0.165233     -5.89848
    0.171353     -5.98338
    0.177473     -6.07468
    0.183593     -6.16978
    0.189712     -6.26508
    0.195832     -6.35738
    0.201952     -6.44288
    0.208072     -6.51838
    0.214191     -6.58068
    0.220311     -6.62718
    0.226431     -6.65598
    0.232551     -6.66568
    0.232551     -6.66568
    0.241205     -6.63308
     0.24986     -6.53748
    0.258514     -6.38548
    0.267169     -6.18568
    0.275824     -5.94698
    0.284478     -5.67718
    0.293133     -5.38348
    0.301788     -5.07158
    0.310442     -4.74708
    0.319097     -4.41588
    0.327751     -4.08498
    0.336406     -3.76498
    0.345061     -3.47108
    0.353715     -3.21978
     0.36237     -3.01758
    0.371025     -2.85908
    0.379679     -2.74018
    0.388334     -2.66428
    0.396989     -2.63798
    0.396989     -2.63798
     0.40127     -2.63588
    0.405552     -2.62958
    0.409834     -2.61908
    0.414116     -2.60448
    0.418398     -2.58598
     0.42268     -2.56368
    0.426962     -2.53768
    0.431244     -2.50838
    0.435525     -2.66138
    0.439807     -2.85538
    0.444089     -3.04908
    0.448371     -3.24188
    0.452653     -3.43348
    0.456935     -3.62348
    0.461217     -3.81178
    0.465499     -3.99788
     0.46978     -4.18168
    0.474062     -4.36288
    0.478344     -4.53658
    0.478344     -4.53658
    0.484464     -4.54638
    0.490584     -4.57268
    0.496703     -4.61578
    0.502823     -4.67668
    0.508943     -4.75568
    0.515063     -4.85218
    0.521182     -4.96448
    0.527302     -5.08998
    0.533422     -5.22498
    0.539542     -5.36528
    0.545661     -5.50618
    0.551781     -5.64328
    0.557901     -5.77218
    0.564021     -5.88898
     0.57014     -5.98998
     0.57626     -6.07198
     0.58238     -6.13258
      0.5885     -6.16978
    0.594619     -6.18228
    0.594619     -6.18228
    0.600739     -6.18168
    0.606859     -6.17988
    0.612979     -6.17728
    0.619098     -6.17488
    0.625218     -6.17358
    0.631338     -6.17458
    0.637458     -6.17968
    0.643577     -6.19008
    0.649697     -6.20738
    0.655817     -6.23238
    0.661937     -6.26498
    0.668056     -6.30418
    0.674176     -6.34798
    0.680296     -6.39338
    0.686416     -6.43688
    0.692535     -6.47508
    0.698655     -6.50488
    0.704775     -6.52378
    0.710895     -6.53028
    0.710895     -6.53028
    0.719549     -6.51948
    0.728204     -6.48758
    0.736859     -6.43508
    0.745513     -6.36328
    0.754168     -6.27348
    0.762822     -6.16718
    0.771477     -6.04618
    0.780132     -5.91218
    0.788786     -5.76738
    0.797441     -5.61398
    0.806096     -5.45458
     0.81475     -5.29268
    0.823405     -5.13208
     0.83206     -4.97788
    0.840714     -4.83608
    0.849369     -4.71368
    0.858023     -4.61838
    0.866678     -4.55758
    0.875333     -4.53658

           0     -2.63798
  0.00611975     -2.63408
   0.0122395     -2.62258
   0.0183593     -2.60348
    0.024479     -2.57688
   0.0305988     -2.54318
   0.0367185     -2.50258
   0.0428383     -2.68948
    0.048958     -2.94038
   0.0550778     -3.16408
   0.0611975     -3.34568
   0.0673173     -3.47438
    0.073437     -3.55048
   0.0795568     -3.58188
   0.0856765     -3.57628
   0.0917963     -3.53978
    0.097916     -3.47688
    0.104036     -3.39128
    0.110156     -3.28758
    0.116275     -3.20018
    0.116275     -3.20018
    0.122395     -3.19608
    0.128515     -3.18388
    0.134635     -3.16368
    0.140754     -3.13578
    0.146874     -3.10058
    0.152994     -3.05868
    0.159114     -3.01058
    0.165233     -2.95738
    0.171353     -2.92428
    0.177473     -2.90258
    0.183593     -2.88708
    0.189712     -2.87518
    0.195832     -2.86298
    0.201952     -2.84838
    0.208072     -2.83128
    0.214191     -2.81348
    0.220311     -2.79768
    0.226431     -2.78658
    0.232551     -2.78268
    0.232551     -2.78268
    0.241205     -2.79118
     0.24986     -2.82138
    0.258514     -2.88098
    0.267169     -2.96828
    0.275824     -3.06998
    0.284478     -3.17048
    0.293133     -3.25678
    0.301788     -3.31968
    0.310442     -3.35308
    0.319097     -3.35368
    0.327751     -3.32138
    0.336406     -3.25818
    0.345061     -3.16898
    0.353715     -3.06088
     0.36237     -2.94328
    0.371025     -2.82808
    0.379679     -2.72938
    0.388334     -2.66198
    0.396989     -2.63798
    0.396989     -2.63798
     0.40127     -2.63588
    0.405552     -2.62958
    0.409834     -2.61908
    0.414116     -2.60448
    0.418398     -2.58598
     0.42268     -2.56368
    0.426962     -2.53768
    0.431244     -2.50838
    0.435525     -2.47608
    0.439807     -2.44118
    0.444089     -2.40438
    0.448371     -2.36628
    0.452653     -2.32798
    0.456935     -2.29068
    0.461217     -2.25588
    0.465499     -2.22548
     0.46978     -2.20168
    0.474062     -2.18638
    0.478344     -2.18108
    0.478344     -2.18108
    0.484464     -2.18558
    0.490584     -2.19728
    0.496703     -2.21128
    0.502823     -2.22178
    0.508943     -2.22348
    0.515063     -2.21308
    0.521182     -2.18868
    0.527302     -2.14978
    0.533422     -2.09688
    0.539542     -2.03058
    0.545661     -1.95218
    0.551781     -1.91138
    0.557901     -1.88028
    0.564021     -1.85168
     0.57014     -1.82678
     0.57626     -1.80618
     0.58238     -1.79098
      0.5885     -1.78148
    0.594619     -1.77828
    0.594619     -1.77828
    0.600739     -1.83248
    0.606859     -1.97398
    0.612979     -2.16418
    0.619098     -2.37398
    0.625218     -2.58598
    0.631338     -2.78938
    0.637458     -2.97698
    0.643577     -3.14358
    0.649697     -3.28488
    0.655817     -3.39808
    0.661937     -3.48128
    0.668056     -3.53408
    0.674176     -3.55728
    0.680296     -3.55268
    0.686416     -3.52308
    0.692535     -3.47178
    0.698655     -3.40278
    0.704775     -3.32418
    0.710895     -3.27328
    0.710895     -3.27328
    0.719549     -3.35388
    0.728204     -3.45498
    0.736859     -3.53078
    0.745513     -3.57708
    0.754168     -3.59348
    0.762822     -3.58058
    0.771477     -3.53948
    0.780132     -3.47188
    0.788786     -3.37978
    0.797441     -3.26548
    0.806096     -3.13228
     0.81475     -2.98378
    0.823405     -2.82538
     0.83206     -2.66408
    0.840714     -2.50928
    0.849369     -2.37308
    0.858023     -2.26788
    0.866678     -2.20278
    0.875333     -2.18108

           0     -1.26678
  0.00611975     -1.31648
   0.0122395     -1.45428
   0.0183593     -1.65528
    0.024479     -1.89538
   0.0305988     -2.15628
   0.0367185     -2.42458
   0.0428383     -2.45548
    0.048958     -2.40248
   0.0550778     -2.34418
   0.0611975     -2.28138
   0.0673173     -2.21508
    0.073437     -2.14658
   0.0795568     -2.12318
   0.0856765     -2.31858
   0.0917963     -2.50658
    0.097916     -2.68528
    0.104036     -2.85248
    0.110156     -3.00488
    0.116275     -3.10838
    0.116275     -3.10838
    0.122395     -3.10548
    0.128515     -3.09658
    0.134635     -3.08208
    0.140754     -3.06238
    0.146874     -3.03818
    0.152994     -3.01058
    0.159114     -2.98088
    0.165233     -2.95128
    0.171353     -2.90018
    0.177473     -2.84048
    0.183593     -2.78038
    0.189712     -2.72228
    0.195832     -2.66958
    0.201952     -2.62558
    0.208072     -2.59308
    0.214191     -2.57178
    0.220311     -2.55928
    0.226431     -2.55278
    0.232551     -2.55078
    0.232551     -2.55078
    0.241205     -2.56768
     0.24986     -2.61498
    0.258514     -2.68348
    0.267169     -2.76208
    0.275824     -2.83998
    0.284478     -2.90818
    0.293133     -2.95958
    0.301788     -2.98878
    0.310442     -2.99168
    0.319097     -2.96438
    0.327751     -2.90258
    0.336406     -2.79988
    0.345061     -2.64678
    0.353715     -2.43508
     0.36237     -2.17078
    0.371025     -1.87818
    0.379679     -1.59178
    0.388334     -1.36168
    0.396989     -1.26678
    0.396989     -1.26678
     0.40127     -1.30548
    0.405552     -1.40858
    0.409834     -1.55218
    0.414116     -1.71858
    0.418398     -1.89768
     0.42268     -2.08418
    0.426962     -2.27468
    0.431244     -2.46748
    0.435525     -2.47608
    0.439807     -2.44118
    0.444089     -2.40438
    0.448371     -2.36628
    0.452653     -2.32798
    0.456935     -2.29068
    0.461217     -2.25588
    0.465499     -2.22548
     0.46978     -2.20168
    0.474062     -2.18638
    0.478344     -2.18108
    0.478344     -2.18108
    0.484464     -2.17868
    0.490584     -2.17148
    0.496703     -2.15978
    0.502823     -2.14358
    0.508943     -2.12328
    0.515063     -2.09928
    0.521182     -2.07208
    0.527302     -2.04218
    0.533422     -2.01038
    0.539542     -1.97738
    0.545661     -1.94408
    0.551781     -1.86328
    0.557901     -1.76558
    0.564021     -1.66198
     0.57014     -1.55628
     0.57626     -1.45478
     0.58238     -1.36718
      0.5885     -1.30668
    0.594619     -1.28498
    0.594619     -1.28498
    0.600739     -1.29228
    0.606859     -1.31418
    0.612979     -1.35078
    0.619098     -1.46228
    0.625218     -1.74168
    0.631338     -2.00958
    0.637458     -2.26108
    0.643577     -2.49258
    0.649697     -2.70068
    0.655817     -2.88248
    0.661937     -3.03548
    0.668056     -3.15768
    0.674176     -3.24828
    0.680296     -3.30728
    0.686416     -3.33638
    0.692535     -3.33848
    0.698655     -3.31918
    0.704775     -3.28958
    0.710895     -3.27328
    0.710895     -3.27328
    0.719549     -3.30738
    0.728204     -3.36078
    0.736859     -3.39538
    0.745513     -3.40188
    0.754168     -3.37828
    0.762822     -3.32508
    0.771477     -3.24338
    0.780132     -3.13498
    0.788786     -3.00228
    0.797441     -2.84828
    0.806096     -2.67738
     0.81475     -2.49598
    0.823405     -2.31628
     0.83206     -2.16288
    0.840714     -2.07808
    0.849369     -2.07888
    0.858023     -2.12258
    0.866678     -2.16458
    0.875333     -2.18108

           0     -0.20038
  0.00611975     -0.21708
   0.0122395     -0.26648
   0.0183593     -0.34728
    0.024479     -0.45708
   0.0305988     -0.59278
   0.0367185     -0.75038
   0.0428383     -0.92548
    0.048958     -1.11368
   0.0550778     -1.31098
   0.0611975     -1.51368
   0.0673173     -1.71838
    0.073437     -1.92238
   0.0795568     -2.07748
   0.0856765     -2.01008
   0.0917963     -1.94688
    0.097916     -1.89118
    0.104036     -1.84708
    0.110156     -1.81848
    0.116275     -1.80858
    0.116275     -1.80858
    0.122395     -1.83228
    0.128515     -1.89888
    0.134635     -1.99678
    0.140754     -2.11228
    0.146874     -2.23268
    0.152994     -2.34758
    0.159114     -2.44928
    0.165233     -2.53218
    0.171353     -2.59228
    0.177473     -2.62768
    0.183593     -2.63948
    0.189712     -2.63358
    0.195832     -2.61788
    0.201952     -2.59908
    0.208072     -2.58148
    0.214191     -2.56748
    0.220311     -2.55788
    0.226431     -2.55248
    0.232551     -2.55078
    0.232551     -2.55078
    0.241205     -2.54078
     0.24986     -2.51088
    0.258514     -2.46128
    0.267169     -2.39218
    0.275824     -2.30388
    0.284478     -2.19688
    0.293133     -2.07208
    0.301788     -1.93018
    0.310442     -1.77258
    0.319097     -1.60088
    0.327751     -1.41718
    0.336406     -1.22448
    0.345061     -1.02648
    0.353715     -0.82878
     0.36237     -0.63878
    0.371025     -0.46688
    0.379679     -0.32658
    0.388334     -0.23328
    0.396989     -0.20038
    0.396989     -0.20038
     0.40127     -0.16368
    0.405552   -0.0670804
    0.409834   -0.0453804
    0.414116   -0.0986804
    0.418398     -0.16308
     0.42268     -0.23608
    0.426962     -0.31568
    0.431244     -0.39968
    0.435525     -0.48608
    0.439807     -0.57308
    0.444089     -0.65908
    0.448371     -0.74228
    0.452653     -0.82098
    0.456935     -0.89338
    0.461217     -0.95748
    0.465499     -1.01098
     0.46978     -1.05148
    0.474062     -1.07698
    0.478344     -1.08568
    0.478344     -1.08568
    0.484464     -1.10828
    0.490584     -1.17078
    0.496703     -1.25958
    0.502823     -1.35908
    0.508943     -1.45558
    0.515063     -1.53908
    0.521182     -1.60338
    0.527302     -1.64518
    0.533422     -1.66378
    0.539542     -1.66018
    0.545661     -1.63628
    0.551781     -1.59468
    0.557901     -1.53848
    0.564021     -1.47128
     0.57014     -1.39748
     0.57626     -1.32268
     0.58238     -1.25418
      0.5885     -1.20318
    0.594619     -1.18358
    0.594619     -1.18358
    0.600739     -1.19168
    0.606859     -1.21598
    0.612979     -1.25748
    0.619098     -1.40198
    0.625218     -1.46748
    0.631338     -1.54698
    0.637458     -1.63958
    0.643577     -1.74438
    0.649697     -1.85988
    0.655817     -1.98458
    0.661937     -2.11658
    0.668056     -2.25378
    0.674176     -2.39408
    0.680296     -2.53518
    0.686416     -2.67498
    0.692535     -2.81078
    0.698655     -2.93938
    0.704775     -3.05348
    0.710895     -3.11608
    0.710895     -3.11608
    0.719549     -3.00678
    0.728204     -2.82018
    0.736859     -2.61068
    0.745513     -2.40468
    0.754168     -2.18618
    0.762822     -1.96668
    0.771477     -1.76028
    0.780132     -1.58298
    0.788786     -1.45098
    0.797441     -1.37528
    0.806096     -1.35608
     0.81475     -1.38208
    0.823405     -1.43168
     0.83206     -1.47068
    0.840714     -1.45088
    0.849369     -1.35368
    0.858023     -1.22638
    0.866678     -1.12438
    0.875333     -1.08568

           0    0.0278196
  0.00611975    0.0257196
   0.0122395    0.0193196
   0.0183593   0.00841962
    0.024479  -0.00718038
   0.0305988   -0.0278804
   0.0367185   -0.0537804
   0.0428383   -0.0852804
    0.048958     -0.12248
   0.0550778     -0.16548
   0.0611975     -0.21388
   0.0673173     -0.26708
    0.073437     -0.32408
   0.0795568     -0.38348
   0.0856765     -0.44308
   0.0917963     -0.50018
    0.097916     -0.55118
    0.104036     -0.59228
    0.110156     -0.61908
    0.116275     -0.62838
    0.116275     -0.62838
    0.122395     -0.66538
    0.128515     -0.76848
    0.134635     -0.91898
    0.140754     -1.09678
    0.146874     -1.28518
    0.152994     -1.47198
    0.159114     -1.64858
    0.165233     -1.80908
    0.171353     -1.94958
    0.177473     -2.06788
    0.183593     -2.16278
    0.189712     -2.23428
    0.195832     -2.28268
    0.201952     -2.30928
    0.208072     -2.31678
    0.214191     -2.31088
    0.220311     -2.29948
    0.226431     -2.28968
    0.232551     -2.28588
    0.232551     -2.28588
    0.241205     -2.29278
     0.24986     -2.30348
    0.258514     -2.29728
    0.267169     -2.25998
    0.275824     -2.19048
    0.284478     -2.09268
    0.293133     -1.97068
    0.301788     -1.82748
    0.310442     -1.66538
    0.319097     -1.48668
    0.327751     -1.29398
    0.336406     -1.09018
    0.345061     -0.87948
    0.353715     -0.66708
     0.36237     -0.46108
    0.371025     -0.27218
    0.379679     -0.11568
    0.388334  -0.00988038
    0.396989    0.0278196
    0.396989    0.0278196
     0.40127    0.0194196
    0.405552  -0.00538038
    0.409834   -0.0453804
    0.414116   -0.0986804
    0.418398     -0.16308
     0.42268     -0.23608
    0.426962     -0.31568
    0.431244     -0.39968
    0.435525     -0.48608
    0.439807     -0.57308
    0.444089     -0.65908
    0.448371     -0.74228
    0.452653     -0.82098
    0.456935     -0.89338
    0.461217     -0.95748
    0.465499     -1.01098
     0.46978     -1.05148
    0.474062     -1.07698
    0.478344     -1.08558
    0.478344     -1.08558
    0.484464     -1.08238
    0.490584     -1.07258
    0.496703     -1.05658
    0.502823     -1.03448
    0.508943     -1.00658
    0.515063     -0.97358
    0.521182     -0.93598
    0.527302     -0.89458
    0.533422     -0.85028
    0.539542     -0.80398
    0.545661     -0.75698
    0.551781     -0.71048
    0.557901     -0.66588
    0.564021     -0.62478
     0.57014     -0.58858
     0.57626     -0.55858
     0.58238     -0.53628
      0.5885     -0.52238
    0.594619     -0.51768
    0.594619     -0.51768
    0.600739     -0.64148
    0.606859     -0.89238
    0.612979     -1.17328
    0.619098     -1.31108
    0.625218     -1.38368
    0.631338     -1.47108
    0.637458     -1.57258
    0.643577     -1.68678
    0.649697     -1.81178
    0.655817     -1.94548
    0.661937     -2.08508
    0.668056     -2.22818
    0.674176     -2.37178
    0.680296     -2.51288
    0.686416     -2.64838
    0.692535     -2.77418
    0.698655     -2.88468
    0.704775     -2.96888
    0.710895     -3.00338
    0.710895     -3.00338
    0.719549     -2.93838
    0.728204     -2.79368
    0.736859     -2.60488
    0.745513     -2.36958
    0.754168     -2.12148
    0.762822     -1.86888
    0.771477     -1.62208
    0.780132     -1.39428
    0.788786     -1.20018
    0.797441     -1.05418
    0.806096     -0.96478
     0.81475     -0.92998
    0.823405     -0.93838
     0.83206     -0.97318
    0.840714     -1.01678
    0.849369     -1.05458
    0.858023     -1.07718
    0.866678     -1.08478
    0.875333     -1.08558

           0    0.0278196
  0.00611975    0.0552196
   0.0122395      0.13012
   0.0183593      0.23532
    0.024479      0.35192
   0.0305988      0.46602
   0.0367185      0.57082
   0.0428383      0.66522
    0.048958      0.75112
   0.0550778      0.83082
   0.0611975      0.90622
   0.0673173      0.97802
    0.073437      1.04632
   0.0795568      1.11052
   0.0856765      1.16942
   0.0917963      1.22132
    0.097916      1.26452
    0.104036      1.29712
    0.110156      1.31732
    0.116275      1.32422
    0.116275      1.32422
    0.122395      1.36202
    0.128515      1.46962
    0.134635      1.63152
    0.140754      1.82432
    0.146874      2.01452
    0.152994      2.15162
    0.159114      2.17932
    0.165233      2.09782
    0.171353      1.95902
    0.177473      1.80312
    0.183593      1.61282
    0.189712      1.41772
    0.195832      1.24332
    0.201952      1.09232
    0.208072      0.96672
    0.214191      0.86822
    0.220311      0.79772
    0.226431      0.75552
    0.232551      0.74152
    0.232551      0.74152
    0.241205      0.76832
     0.24986      0.83442
    0.258514      0.89912
    0.267169      0.94382
    0.275824      0.98852
    0.284478      1.04672
    0.293133      1.12262
    0.301788      1.21642
    0.310442      1.32562
    0.319097      1.44312
    0.327751      1.54702
    0.336406      1.56612
    0.345061      1.41512
    0.353715      1.15642
     0.36237      0.86592
    0.371025      0.57852
    0.379679      0.31662
    0.388334      0.11202
    0.396989    0.0278196
    0.396989    0.0278196
     0.40127    0.0194196
    0.405552  -0.00538038
    0.409834    0.0643196
    0.414116      0.21052
    0.418398      0.35702
     0.42268      0.49172
    0.426962      0.60412
    0.431244      0.68882
    0.435525      0.74972
    0.439807      0.79502
    0.444089      0.83142
    0.448371      0.86322
    0.452653      0.89242
    0.456935      0.91972
    0.461217      0.94492
    0.465499      0.96692
     0.46978      0.98432
    0.474062      0.99572
    0.478344      0.99972
    0.478344      0.99972
    0.484464      1.02162
    0.490584      1.08102
    0.496703      1.15952
    0.502823      1.23192
    0.508943      1.27642
    0.515063      1.28302
    0.521182      1.25152
    0.527302      1.18562
    0.533422      1.08972
    0.539542      0.96912
    0.545661      0.82932
    0.551781      0.67622
    0.557901      0.51562
    0.564021      0.35322
     0.57014      0.19522
     0.57626    0.0491196
     0.58238   -0.0746804
      0.5885     -0.16088
    0.594619     -0.19248
    0.594619     -0.19248
    0.600739     -0.13288
    0.606859    0.0249196
    0.612979      0.24162
    0.619098      0.48762
    0.625218      0.74492
    0.631338      1.00242
    0.637458      1.25362
    0.643577      1.49472
    0.649697      1.72432
    0.655817      1.94262
    0.661937      2.15082
    0.668056      2.35092
    0.674176      2.54462
    0.680296      2.73362
    0.686416      2.91822
    0.692535      3.09722
    0.698655      3.26452
    0.704775      3.40172
    0.710895      3.46122
    0.710895      3.46122
    0.719549      3.35222
    0.728204      3.11422
    0.736859      2.84052
    0.745513      2.56982
    0.754168      2.32052
    0.762822      2.10622
    0.771477      1.93922
    0.780132      1.80682
    0.788786      1.70192
    0.797441      1.65062
    0.806096      1.64772
     0.81475      1.67132
    0.823405      1.68112
     0.83206      1.63162
    0.840714      1.50522
    0.849369      1.33282
    0.858023      1.16462
    0.866678      1.04372
    0.875333      0.99972

           0      1.01252
  0.00611975      1.03502
   0.0122395      1.08652
   0.0183593      1.14832
    0.024479      1.21852
   0.0305988      1.29782
   0.0367185      1.38382
   0.0428383      1.47352
    0.048958      1.56462
   0.0550778      1.65582
   0.0611975      1.74632
   0.0673173      1.83552
    0.073437      1.92262
   0.0795568      2.00622
   0.0856765      2.08442
   0.0917963      2.15472
    0.097916      2.21422
    0.104036      2.25982
    0.110156      2.28852
    0.116275      2.29832
    0.116275      2.29832
    0.122395      2.33892
    0.128515      2.44802
    0.134635      2.59152
    0.140754      2.71722
    0.146874      2.76422
    0.152994      2.69082
    0.159114      2.51232
    0.165233      2.28662
    0.171353      2.05262
    0.177473      1.82582
    0.183593      1.64962
    0.189712      1.50802
    0.195832      1.38402
    0.201952      1.28082
    0.208072      1.20052
    0.214191      1.14332
    0.220311      1.10762
    0.226431      1.08972
    0.232551      1.08452
    0.232551      1.08452
    0.241205      1.08312
     0.24986      1.09992
    0.258514      1.17872
    0.267169      1.32902
    0.275824      1.51662
    0.284478      1.71402
    0.293133      1.90222
    0.301788      2.06162
    0.310442      2.16782
    0.319097      2.19662
    0.327751      2.14802
    0.336406      2.09782
    0.345061      2.15412
    0.353715      2.02662
     0.36237      1.69832
    0.371025      1.41782
    0.379679      1.20012
    0.388334      1.06072
    0.396989      1.01252
    0.396989      1.01252
     0.40127      1.01222
    0.405552      1.01262
    0.409834      1.01652
    0.414116      1.02802
    0.418398      1.05212
     0.42268      1.09562
    0.426962      1.16542
    0.431244      1.26332
    0.435525      1.38112
    0.439807      1.49972
    0.444089      1.58372
    0.448371      1.62372
    0.452653      1.64112
    0.456935      1.64422
    0.461217      1.63762
    0.465499      1.62582
     0.46978      1.61322
    0.474062      1.60392
    0.478344      1.60042
    0.478344      1.60042
    0.484464      1.62722
    0.490584      1.70342
    0.496703      1.82182
    0.502823      1.98012
    0.508943      2.17832
    0.515063      2.13872
    0.521182      2.00072
    0.527302      1.83902
    0.533422      1.65932
    0.539542      1.46772
    0.545661      1.26982
    0.551781      1.07102
    0.557901      0.87632
    0.564021      0.69092
     0.57014      0.52062
     0.57626      0.37212
     0.58238      0.25432
      0.5885      0.17712
    0.594619      0.15002
    0.594619      0.15002
    0.600739      0.26972
    0.606859      0.50802
    0.612979      0.76852
    0.619098      1.02432
    0.625218      1.26612
    0.631338      1.49052
    0.637458      1.69722
    0.643577      1.88772
    0.649697      2.06492
    0.655817      2.23202
    0.661937      2.39232
    0.668056      2.54852
    0.674176      2.70292
    0.680296      2.85672
    0.686416      3.01022
    0.692535      3.16092
    0.698655      3.30182
    0.704775      3.41442
    0.710895      3.46122
    0.710895      3.46122
    0.719549      3.36412
    0.728204      3.14652
    0.736859      2.88982
    0.745513      2.62892
    0.754168      2.38032
    0.762822      2.15462
    0.771477      1.96052
    0.780132      1.83222
    0.788786      1.79572
    0.797441      1.83242
    0.806096      1.93062
     0.81475      2.06092
    0.823405      2.17672
     0.83206      2.22312
    0.840714      2.15692
    0.849369      1.98882
    0.858023      1.79712
    0.866678      1.65342
    0.875333      1.60042

           0      1.22902
  0.00611975      1.26192
   0.0122395      1.36702
   0.0183593      1.54292
    0.024479      1.77332
   0.0305988      2.04442
   0.0367185      2.34722
   0.0428383      2.67202
    0.048958      2.99002
   0.0550778      3.17262
   0.0611975      3.27262
   0.0673173      3.37332
    0.073437      3.48252
   0.0795568      3.60042
   0.0856765      3.72542
   0.0917963      3.85472
    0.097916      3.98362
    0.104036      4.10502
    0.110156      4.20852
    0.116275      4.26712
    0.116275      4.26712
    0.122395      4.14962
    0.128515      3.92872
    0.134635      3.69242
    0.140754      3.46502
    0.146874      3.26432
    0.152994      3.03702
    0.159114      2.83472
    0.165233      2.64002
    0.171353      2.44062
    0.177473      2.23862
    0.183593      2.03932
    0.189712      1.84772
    0.195832      1.66842
    0.201952      1.50552
    0.208072      1.36332
    0.214191      1.24602
    0.220311      1.15802
    0.226431      1.10312
    0.232551      1.08452
    0.232551      1.08452
    0.241205      1.13492
     0.24986      1.28072
    0.258514      1.50862
    0.267169      1.80202
    0.275824      2.14452
    0.284478      2.51942
    0.293133      2.90492
    0.301788      3.25912
    0.310442      3.47762
    0.319097      3.41502
    0.327751      3.12952
    0.336406      2.76492
    0.345061      2.38782
    0.353715      2.23292
     0.36237      2.03272
    0.371025      1.72972
    0.379679      1.46862
    0.388334      1.29182
    0.396989      1.22902
    0.396989      1.22902
     0.40127      1.23562
    0.405552      1.25462
    0.409834      1.28372
    0.414116      1.32072
    0.418398      1.36362
     0.42268      1.41072
    0.426962      1.46042
    0.431244      1.51142
    0.435525      1.56342
    0.439807      1.62202
    0.444089      1.71022
    0.448371      1.82782
    0.452653      1.94672
    0.456935      2.05512
    0.461217      2.14782
    0.465499      2.22202
     0.46978      2.27622
    0.474062      2.30912
    0.478344      2.32012
    0.478344      2.32012
    0.484464      2.32932
    0.490584      2.34892
    0.496703      2.35432
    0.502823      2.32172
    0.508943      2.24872
    0.515063      2.41332
    0.521182      2.66912
    0.527302      2.93012
    0.533422      3.17762
    0.539542      3.37032
    0.545661      3.41802
    0.551781      3.44422
    0.557901      3.47392
    0.564021      3.50722
     0.57014      3.54152
     0.57626      3.57342
     0.58238      3.59942
      0.5885      3.61642
    0.594619      3.62242
    0.594619      3.62242
    0.600739      3.63692
    0.606859      3.68082
    0.612979      3.70252
    0.619098      3.62542
    0.625218      3.55192
    0.631338      3.49042
    0.637458      3.44662
    0.643577      3.42382
    0.649697      3.42372
    0.655817      3.44642
    0.661937      3.49102
    0.668056      3.55562
    0.674176      3.63762
    0.680296      3.73322
    0.686416      3.83712
    0.692535      3.93992
    0.698655      4.02012
    0.704775      4.05452
    0.710895      4.05022
    0.710895      4.05022
    0.719549      4.06452
    0.728204      4.08292
    0.736859      4.10672
    0.745513      4.14112
    0.754168      4.18782
    0.762822      4.24672
    0.771477      4.31562
    0.780132      4.38452
    0.788786      4.37112
    0.797441      4.11082
    0.806096      3.76802
     0.81475      3.43212
    0.823405      3.14442
     0.83206      2.89862
    0.840714      2.65592
    0.849369      2.49672
    0.858023      2.39762
    0.866678      2.33962
    0.875333      2.32012

           0      3.03382
  0.00611975      3.03082
   0.0122395      3.02362
   0.0183593      3.01722
    0.024479      3.01732
   0.0305988      3.02872
   0.0367185      3.05532
   0.0428383      3.10132
    0.048958      3.18802
   0.0550778      3.40142
   0.0611975      3.48972
   0.0673173      3.58812
    0.073437      3.69672
   0.0795568      3.81542
   0.0856765      3.94422
   0.0917963      4.08312
    0.097916      4.23192
    0.104036      4.39022
    0.110156      4.36642
    0.116275      4.33002
    0.116275      4.33002
    0.122395      4.26332
    0.128515      4.07122
    0.134635      3.81182
    0.140754      3.53672
    0.146874      3.27182
    0.152994      3.11362
    0.159114      3.02522
    0.165233      2.95122
    0.171353      2.83442
    0.177473      2.67462
    0.183593      2.49332
    0.189712      2.30682
    0.195832      2.12552
    0.201952      1.95612
    0.208072      1.80422
    0.214191      1.67502
    0.220311      1.57452
    0.226431      1.50962
    0.232551      1.48692
    0.232551      1.48692
    0.241205      1.53152
     0.24986      1.65462
    0.258514      1.84222
    0.267169      2.08862
    0.275824      2.39132
    0.284478      2.74582
    0.293133      3.14422
    0.301788      3.57252
    0.310442      3.97222
    0.319097      3.89582
    0.327751      3.54532
    0.336406      3.18642
    0.345061      2.83322
    0.353715      2.54092
     0.36237      2.56702
    0.371025      2.72762
    0.379679      2.88182
    0.388334      2.99292
    0.396989      3.03382
    0.396989      3.03382
     0.40127      3.04562
    0.405552      3.08042
    0.409834      3.10402
    0.414116      3.05042
    0.418398      2.98832
     0.42268      2.92132
    0.426962      2.85292
    0.431244      2.78662
    0.435525      2.72602
    0.439807      2.67442
    0.444089      2.63512
    0.448371      2.61072
    0.452653      2.60202
    0.456935      2.60782
    0.461217      2.62392
    0.465499      2.64502
     0.46978      2.66512
    0.474062      2.67922
    0.478344      2.68432
    0.478344      2.68432
    0.484464      2.68862
    0.490584      2.70982
    0.496703      2.77042
    0.502823      2.88382
    0.508943      3.03132
    0.515063      3.17712
    0.521182      3.28972
    0.527302      3.35822
    0.533422      3.39592
    0.539542      3.44832
    0.545661      3.61142
    0.551781      3.76822
    0.557901      3.89992
    0.564021      4.01032
     0.57014      3.97452
     0.57626      3.91562
     0.58238      3.87352
      0.5885      3.84822
    0.594619      3.83982
    0.594619      3.83982
    0.600739      3.82172
    0.606859      3.77222
    0.612979      3.75422
    0.619098      3.85292
    0.625218      3.83292
    0.631338      3.76042
    0.637458      3.69962
    0.643577      3.65542
    0.649697      3.63022
    0.655817      3.62492
    0.661937      3.63942
    0.668056      3.67272
    0.674176      3.72322
    0.680296      3.78832
    0.686416      3.86422
    0.692535      3.94472
    0.698655      4.02252
    0.704775      4.07222
    0.710895      4.07392
    0.710895      4.07392
    0.719549      4.11332
    0.728204      4.17612
    0.736859      4.23512
    0.745513      4.29812
    0.754168      4.37042
    0.762822      4.45312
    0.771477      4.54182
    0.780132      4.54712
    0.788786      4.39732
    0.797441      4.15602
    0.806096      3.85542
     0.81475      3.52872
    0.823405      3.20152
     0.83206      2.93642
    0.840714      2.81422
    0.849369      2.74962
    0.858023      2.71292
    0.866678      2.69162
    0.875333      2.68432

           0      3.03382
  0.00611975      3.03822
   0.0122395      3.05162
   0.0183593      3.07382
    0.024479      3.10512
   0.0305988      3.14552
   0.0367185      3.19512
   0.0428383      3.25422
    0.048958      3.32292
   0.0550778      3.43242
   0.0611975      3.76412
   0.0673173      4.07122
    0.073437      4.30542
   0.0795568      4.43812
   0.0856765      4.48442
   0.0917963      4.47952
    0.097916      4.45032
    0.104036      4.41102
    0.110156      4.55762
    0.116275      4.72882
    0.116275      4.72882
    0.122395      4.64422
    0.128515      4.52542
    0.134635      4.44992
    0.140754      4.43092
    0.146874      4.50612
    0.152994      4.37192
    0.159114      4.30412
    0.165233      4.36782
    0.171353      4.57022
    0.177473      4.87212
    0.183593      5.23342
    0.189712      5.62842
    0.195832      6.04052
    0.201952      6.45642
    0.208072      6.86212
    0.214191      7.23802
    0.220311      7.55242
    0.226431      7.75482
    0.232551      7.81622
    0.232551      7.81622
    0.241205      7.71512
     0.24986      7.47482
    0.258514      7.15092
    0.267169      6.76722
    0.275824      6.28642
    0.284478      5.79732
    0.293133      5.31532
    0.301788      4.85792
    0.310442      4.48502
    0.319097      4.64022
    0.327751      4.87912
    0.336406      4.56742
    0.345061      4.24172
    0.353715      3.93042
     0.36237      3.64532
    0.371025      3.39832
    0.379679      3.20382
    0.388334      3.07772
    0.396989      3.03382
    0.396989      3.03382
     0.40127      3.04562
    0.405552      3.08042
    0.409834      3.13712
    0.414116      3.21382
    0.418398      3.30832
     0.42268      3.41842
    0.426962      3.54192
    0.431244      3.67692
    0.435525      3.82162
    0.439807      3.97442
    0.444089      4.13412
    0.448371      4.29942
    0.452653      4.46922
    0.456935      4.64242
    0.461217      4.81782
    0.465499      4.99332
     0.46978      5.16482
    0.474062      5.31882
    0.478344      5.39722
    0.478344      5.39722
    0.484464      5.34222
    0.490584      5.20582
    0.496703      5.03762
    0.502823      4.87422
    0.508943      4.74162
    0.515063      4.66112
    0.521182      4.64812
    0.527302      4.70702
    0.533422      4.60662
    0.539542      4.47872
    0.545661      4.35622
    0.551781      4.24222
    0.557901      4.13922
    0.564021      4.04942
     0.57014      4.10202
     0.57626      4.17572
     0.58238      4.18752
      0.5885      4.15072
    0.594619      4.13832
    0.594619      4.13832
    0.600739      4.12082
    0.606859      4.07222
    0.612979      4.00222
    0.619098      3.92682
    0.625218      4.00082
    0.631338      4.16522
    0.637458      4.35872
    0.643577      4.57292
    0.649697      4.79312
    0.655817      4.99072
    0.661937      5.11762
    0.668056      5.12742
    0.674176      5.02822
    0.680296      4.86752
    0.686416      4.68162
    0.692535      4.49122
    0.698655      4.31202
    0.704775      4.17112
    0.710895      4.12872
    0.710895      4.12872
    0.719549      4.16922
    0.728204      4.26062
    0.736859      4.36082
    0.745513      4.46242
    0.754168      4.56382
    0.762822      4.63802
    0.771477      4.63832
    0.780132      4.66842
    0.788786      4.60652
    0.797441      4.65472
    0.806096      4.75512
     0.81475      4.61352
    0.823405      4.46232
     0.83206      4.43222
    0.840714      4.53992
    0.849369      4.75702
    0.858023      5.02892
    0.866678      5.28212
    0.875333      5.39722

           0      3.18092
  0.00611975      3.20602
   0.0122395      3.28112
   0.0183593      3.40452
    0.024479      3.57222
   0.0305988      3.77672
   0.0367185      4.00642
   0.0428383      4.24692
    0.048958      4.48182
   0.0550778      4.69582
   0.0611975      4.88052
   0.0673173      5.04222
    0.073437      5.20002
   0.0795568      5.34652
   0.0856765      5.41462
   0.0917963      5.38222
    0.097916      5.30772
    0.104036      5.11082
    0.110156      4.91822
    0.116275      4.73902
    0.116275      4.73902
    0.122395      4.83062
    0.128515      4.94832
    0.134635      4.87372
    0.140754      4.70292
    0.146874      4.52122
    0.152994      4.69832
    0.159114      4.99152
    0.165233      5.35412
    0.171353      5.76062
    0.177473      6.19312
    0.183593      6.63672
    0.189712      7.07122
    0.195832      7.43942
    0.201952      7.57532
    0.208072      7.69552
    0.214191      7.79812
    0.220311      7.88342
    0.226431      7.95642
    0.232551      7.99502
    0.232551      7.99502
    0.241205      7.89052
     0.24986      7.61052
    0.258514      7.21912
    0.267169      6.77242
    0.275824      6.36042
    0.284478      5.93372
    0.293133      5.51472
    0.301788      5.14552
    0.310442      4.92592
    0.319097      4.96192
    0.327751      5.10632
    0.336406      4.89872
    0.345061      4.53292
    0.353715      4.18512
     0.36237      3.86712
    0.371025      3.59122
    0.379679      3.37292
    0.388334      3.23062
    0.396989      3.18092
    0.396989      3.18092
     0.40127      3.17182
    0.405552      3.14552
    0.409834      3.13712
    0.414116      3.21382
    0.418398      3.30832
     0.42268      3.41842
    0.426962      3.54192
    0.431244      3.67692
    0.435525      3.82162
    0.439807      3.97442
    0.444089      4.13412
    0.448371      4.29942
    0.452653      4.46922
    0.456935      4.64242
    0.461217      4.81782
    0.465499      4.99332
     0.46978      5.16482
    0.474062      5.31882
    0.478344      5.39742
    0.478344      5.39742
    0.484464      5.38442
    0.490584      5.34622
    0.496703      5.28452
    0.502823      5.20202
    0.508943      5.10202
    0.515063      4.98832
    0.521182      4.86522
    0.527302      4.73672
    0.533422      4.83432
    0.539542      4.92012
    0.545661      4.78642
    0.551781      4.65672
    0.557901      4.53462
    0.564021      4.42352
     0.57014      4.32652
     0.57626      4.24692
     0.58238      4.23032
      0.5885      4.26412
    0.594619      4.27562
    0.594619      4.27562
    0.600739      4.29882
    0.606859      4.36802
    0.612979      4.48282
    0.619098      4.64232
    0.625218      4.84442
    0.631338      5.08462
    0.637458      5.35412
    0.643577      5.63622
    0.649697      5.88902
    0.655817      5.89812
    0.661937      5.69552
    0.668056      5.47212
    0.674176      5.24702
    0.680296      5.02672
    0.686416      4.81712
    0.692535      4.62692
    0.698655      4.47392
    0.704775      4.39002
    0.710895      4.37292
    0.710895      4.37292
    0.719549      4.39502
    0.728204      4.44582
    0.736859      4.50272
    0.745513      4.55782
    0.754168      4.60632
    0.762822      4.65622
    0.771477      4.71592
    0.780132      4.69392
    0.788786      4.77262
    0.797441      4.87112
    0.806096      4.82222
     0.81475      4.86552
    0.823405      4.97222
     0.83206      5.00412
    0.840714      5.04022
    0.849369      5.15452
    0.858023      5.32592
    0.866678      5.38262
    0.875333      5.39742

           0      5.75822
  0.00611975      5.79032
   0.0122395      5.88362
   0.0183593      6.03042
    0.024479      6.22022
   0.0305988      6.44042
   0.0367185      6.67352
   0.0428383      6.84502
    0.048958      6.75152
   0.0550778      6.54912
   0.0611975      6.35482
   0.0673173      6.19232
    0.073437      6.04132
   0.0795568      5.87442
   0.0856765      5.73262
   0.0917963      5.51672
    0.097916      5.31472
    0.104036      5.25052
    0.110156      5.21332
    0.116275      5.19382
    0.116275      5.19222
    0.122395      5.30772
    0.128515      5.28752
    0.134635      5.43702
    0.140754      5.66182
    0.146874      5.89702
    0.152994      6.12832
    0.159114      6.35092
    0.165233      6.56262
    0.171353      6.76262
    0.177473      6.95042
    0.183593      7.12602
    0.189712      7.28922
    0.195832      7.45092
    0.201952      7.69032
    0.208072      7.81842
    0.214191      7.89912
    0.220311      7.95292
    0.226431      7.98452
    0.232551      7.99502
    0.232551      7.99502
    0.241205      7.97932
     0.24986      7.88382
    0.258514      7.69242
    0.267169      7.42652
    0.275824      7.11282
    0.284478      6.77162
    0.293133      6.41612
    0.301788      6.05572
    0.310442      5.70012
    0.319097      5.38312
    0.327751      5.23642
    0.336406      5.58872
    0.345061      6.04872
    0.353715      6.46982
     0.36237      6.57032
    0.371025      6.26702
    0.379679      6.00052
    0.388334      5.82172
    0.396989      5.75822
    0.396989      5.75822
     0.40127      5.77342
    0.405552      5.81802
    0.409834      5.89012
    0.414116      5.98682
    0.418398      6.10452
     0.42268      6.24012
    0.426962      6.39002
    0.431244      6.55072
    0.435525      6.71612
    0.439807      6.84332
    0.444089      6.72242
    0.448371      6.56582
    0.452653      6.42542
    0.456935      6.30592
    0.461217      6.21372
    0.465499      6.14442
     0.46978      6.00652
    0.474062      5.84962
    0.478344      5.77032
    0.478344      5.77032
    0.484464      5.66372
    0.490584      5.49312
    0.496703      5.34562
    0.502823      5.23772
    0.508943      5.18512
    0.515063      5.20422
    0.521182      5.30962
    0.527302      5.18532
    0.533422      5.05422
    0.539542      5.02472
    0.545661      5.26962
    0.551781      5.55142
    0.557901      5.83922
    0.564021      6.08452
     0.57014      6.23452
     0.57626      6.28802
     0.58238      6.29132
      0.5885      6.28192
    0.594619      6.27712
    0.594619      6.27712
    0.600739      6.30372
    0.606859      6.37572
    0.612979      6.47182
    0.619098      6.56052
    0.625218      6.60702
    0.631338      6.58572
    0.637458      6.49392
    0.643577      6.34792
    0.649697      6.18052
    0.655817      6.17142
    0.661937      6.15922
    0.668056      6.02262
    0.674176      5.88252
    0.680296      5.71922
    0.686416      5.55132
    0.692535      5.39322
    0.698655      5.25792
    0.704775      5.16472
    0.710895      5.12772
    0.710895      5.12772
    0.719549      5.20502
    0.728204      5.40202
    0.736859      5.66932
    0.745513      5.94122
    0.754168      6.11192
    0.762822      6.04422
    0.771477      5.79522
    0.780132      5.54152
    0.788786      5.39252
    0.797441      5.22382
    0.806096      5.10592
     0.81475      5.14192
    0.823405      5.06242
     0.83206      5.10032
    0.840714      5.19562
    0.849369      5.28092
    0.858023      5.36312
    0.866678      5.58662
    0.875333      5.77032



