        #      k      largestgap  sum(wcc(:,ik))      wcc(i, ik)(i=1, NumberofSelectedOccupiedBands)
      0.00000000      0.26292274      0.00324029      0.00031853      0.00033353      0.16605877      0.16607403      0.35977146      0.35978159      0.50000207      0.50000231      0.64087908      0.64088685      0.83456387      0.83456820
      0.00251256      0.73718535      0.00322136      0.00027824      0.00036687      0.16358191      0.16855204      0.35849241      0.36104756      0.49992170      0.50008261      0.63956413      0.64221139      0.83215932      0.83696318
      0.00502513      0.73666040      0.00318301      0.00022311      0.00040692      0.16116101      0.17097905      0.35723901      0.36226321      0.49984137      0.50016279      0.63829337      0.64351369      0.82980712      0.83929238
      0.00753769      0.73616105      0.00314189      0.00015120      0.00046213      0.15885785      0.17329503      0.35604408      0.36339416      0.49976121      0.50024273      0.63710715      0.64475738      0.82756473      0.84150424
      0.01005025      0.73569565      0.00311683      0.00004640      0.00055599      0.15670849      0.17546681      0.35492967      0.36441646      0.49968131      0.50032239      0.63603088      0.64592129      0.82547001      0.84356711
      0.01256281      0.73526763      0.00312018      0.00071956      0.15473111      0.17747916      0.35390664      0.36531837      0.49960171      0.50040178      0.63507757      0.64699401      0.82354125      0.84546664      0.99988240
      0.01507538      0.73487580      0.00315150      0.00098201      0.15292894      0.17932933      0.35297613      0.36610068      0.49952247      0.50048090      0.63424723      0.64797153      0.82178006      0.84720225      0.99962998
      0.01758794      0.73451611      0.00319598      0.00135796      0.15129538      0.18101886      0.35213298      0.36677528      0.49944369      0.50055969      0.63352860      0.64885386      0.82017836      0.84878205      0.99926925
      0.02010050      0.73418425      0.00322844      0.00183942      0.14981922      0.18254624      0.35136988      0.36736163      0.49936563      0.50063797      0.63290285      0.64964188      0.81872661      0.85021761      0.99879949
      0.02261307      0.73387796      0.00322237      0.00239575      0.14848873      0.18390369      0.35068129      0.36788165      0.49928864      0.50071542      0.63234874      0.65033553      0.81742039      0.85151998      0.99824258
      0.02512563      0.73359826      0.00315985      0.00298214      0.14729379      0.18507941      0.35006546      0.36835428      0.49921324      0.50079152      0.63184777      0.65093397      0.81626255      0.85269765      0.99763807
      0.02763819      0.73334880      0.00303721      0.00355265      0.14622611      0.18606328      0.34952384      0.36879208      0.49914003      0.50086567      0.63138735      0.65143705      0.81526055      0.85375676      0.99703184
      0.03015075      0.73313407      0.00286379      0.00407127      0.14527824      0.18685221      0.34905877      0.36920079      0.49906959      0.50093726      0.63096112      0.65184693      0.81442121      0.85470234      0.99646406
      0.03266332      0.73295755      0.00265607      0.00451674      0.14444262      0.18745218      0.34867099      0.36958128      0.49900248      0.50100572      0.63056718      0.65216872      0.81374637      0.85553974      0.99596205
      0.03517588      0.73282067      0.00243143      0.00488154      0.14371112      0.18787687      0.34835849      0.36993217      0.49893911      0.50107059      0.63020580      0.65241005      0.81323129      0.85627529      0.99553912
      0.03768844      0.73272276      0.00220430      0.00516776      0.14307510      0.18814474      0.34811665      0.37025174      0.49887980      0.50113153      0.62987770      0.65257995      0.81286557      0.85691632      0.99519746
      0.04020101      0.73266068      0.00196746      0.00537148      0.14249109      0.18824767      0.34795734      0.37057610      0.49882722      0.50118601      0.62954459      0.65266515      0.81265621      0.85750552      0.99493909
      0.04271357      0.73263289      0.00176407      0.00552569      0.14202134      0.18826322      0.34783701      0.37082996      0.49877665      0.50123841      0.62928411      0.65272031      0.81254547      0.85797991      0.99474200
      0.04522613      0.73263548      0.00158995      0.00563821      0.14165256      0.18820661      0.34774761      0.37101744      0.49872785      0.50128895      0.62909137      0.65275308      0.81251789      0.85835246      0.99459594
      0.04773869      0.73266311      0.00141860      0.00569728      0.14131289      0.18804037      0.34771969      0.37121113      0.49868594      0.50133278      0.62889117      0.65272567      0.81260055      0.85869517      0.99450597
      0.05025126      0.73271294      0.00126460      0.00572142      0.14102831      0.18780574      0.34772851      0.37137704      0.49864829      0.50137236      0.62871865      0.65266675      0.81275912      0.85898195      0.99445648
      0.05276382      0.73278082      0.00111894      0.00570823      0.14076453      0.18749125      0.34778776      0.37154973      0.49861745      0.50140523      0.62853830      0.65255988      0.81300175      0.85924723      0.99444758
      0.05527638      0.73286532      0.00099733      0.00568149      0.14057285      0.18715440      0.34785462      0.37166614      0.49858785      0.50143669      0.62841502      0.65245277      0.81327787      0.85943961      0.99445803
      0.05778894      0.73296304      0.00088900      0.00563632      0.14041928      0.18677930      0.34794412      0.37176174      0.49856198      0.50146434      0.62831240      0.65232717      0.81359892      0.85959329      0.99449014
      0.06030151      0.73307169      0.00079250      0.00557637      0.14029940      0.18637298      0.34805289      0.37183878      0.49853965      0.50148838      0.62822824      0.65218605      0.81395733      0.85971278      0.99453966
      0.06281407      0.73318927      0.00070650      0.00550462      0.14020933      0.18594132      0.34817804      0.37189934      0.49852062      0.50150901      0.62816049      0.65203191      0.81434662      0.85980209      0.99460310
      0.06532663      0.73331406      0.00062978      0.00542350      0.14014562      0.18548930      0.34831713      0.37194539      0.49850468      0.50152643      0.62810725      0.65186683      0.81476129      0.85986476      0.99467760
      0.06783920      0.73344459      0.00056126      0.00533498      0.14010522      0.18502110      0.34846807      0.37197869      0.49849161      0.50154085      0.62806680      0.65169258      0.81519661      0.85990391      0.99476082
      0.07035176      0.73357960      0.00049999      0.00524070      0.14008545      0.18454025      0.34862909      0.37200088      0.49848120      0.50155247      0.62803757      0.65151065      0.81564856      0.85992232      0.99485086
      0.07286432      0.73371801      0.00044515      0.00514198      0.14008392      0.18404976      0.34879864      0.37201341      0.49847325      0.50156150      0.62801813      0.65132232      0.81611369      0.85992243      0.99494613
      0.07537688      0.73385888      0.00039602      0.00503994      0.14009850      0.18355218      0.34897540      0.37201759      0.49846754      0.50156812      0.62800722      0.65112870      0.81658906      0.85990640      0.99504537
      0.07788945      0.73400143      0.00035196      0.00493548      0.14012733      0.18304969      0.34915821      0.37201459      0.49846391      0.50157252      0.62800370      0.65093073      0.81707213      0.85987617      0.99514750
      0.08040201      0.73414499      0.00031245      0.00482935      0.14016873      0.18254416      0.34934607      0.37200547      0.49846216      0.50157488      0.62800654      0.65072925      0.81756072      0.85983345      0.99525168
      0.08291457      0.73428898      0.00027702      0.00472219      0.14022120      0.18203717      0.34953809      0.37199115      0.49846213      0.50157537      0.62801485      0.65052500      0.81805295      0.85977975      0.99535717
      0.08542714      0.73443291      0.00024524      0.00461451      0.14028341      0.18153011      0.34973348      0.37197246      0.49846367      0.50157415      0.62802781      0.65031860      0.81854722      0.85971643      0.99546339
      0.08793970      0.73457638      0.00021678      0.00450674      0.14035415      0.18102415      0.34993155      0.37195014      0.49846663      0.50157136      0.62804471      0.65011065      0.81904212      0.85964472      0.99556986
      0.09045226      0.73471904      0.00019131      0.00439926      0.14043235      0.18052030      0.35013168      0.37192482      0.49847088      0.50156714      0.62806490      0.64990165      0.81953644      0.85956571      0.99567618
      0.09296482      0.73486059      0.00016857      0.00429234      0.14051703      0.18001945      0.35033332      0.37189710      0.49847630      0.50156163      0.62808782      0.64969205      0.82002913      0.85948037      0.99578202
      0.09547739      0.73500078      0.00014832      0.00418626      0.14060731      0.17952235      0.35053597      0.37186748      0.49848278      0.50155493      0.62811297      0.64948227      0.82051930      0.85938959      0.99588712
      0.09798995      0.73513941      0.00013033      0.00408120      0.14070238      0.17902964      0.35073917      0.37183642      0.49849021      0.50154717      0.62813987      0.64927267      0.82100616      0.85929418      0.99599125
      0.10050251      0.73527630      0.00011442      0.00397734      0.14080153      0.17854190      0.35094254      0.37180432      0.49849850      0.50153845      0.62816814      0.64906359      0.82148901      0.85919486      0.99609423
      0.10301508      0.73541131      0.00010042      0.00387481      0.14090409      0.17805960      0.35114571      0.37177154      0.49850756      0.50152886      0.62819741      0.64885533      0.82196729      0.85909229      0.99619593
      0.10552764      0.73554431      0.00008817      0.00377373      0.14100944      0.17758317      0.35134835      0.37173840      0.49851732      0.50151848      0.62822735      0.64864815      0.82244048      0.85898707      0.99629623
      0.10804020      0.73567522      0.00007754      0.00367419      0.14111704      0.17711295      0.35155018      0.37170519      0.49852771      0.50150740      0.62825767      0.64844231      0.82290813      0.85887975      0.99639503
      0.11055276      0.73580394      0.00006839      0.00357625      0.14122637      0.17664925      0.35175092      0.37167216      0.49853866      0.50149568      0.62828811      0.64823802      0.82336986      0.85877084      0.99649228
      0.11306533      0.73593041      0.00006062      0.00347997      0.14133696      0.17619234      0.35195033      0.37163955      0.49855012      0.50148340      0.62831842      0.64803547      0.82382536      0.85866079      0.99658791
      0.11557789      0.73605672      0.00005408      0.00338880      0.14146562      0.17575448      0.35213148      0.37158672      0.49856056      0.50147219      0.62836868      0.64785124      0.82426220      0.85853276      0.99667936
      0.11809045      0.73617857      0.00004876      0.00329580      0.14157724      0.17531158      0.35232776      0.37155582      0.49857293      0.50145892      0.62839782      0.64765254      0.82470459      0.85842194      0.99677182
      0.12060302      0.73629803      0.00004452      0.00320455      0.14168891      0.17487604      0.35252216      0.37152589      0.49858567      0.50144524      0.62842625      0.64745607      0.82514000      0.85831116      0.99686258
      0.12311558      0.73641510      0.00004128      0.00311505      0.14180028      0.17444800      0.35271449      0.37149711      0.49859873      0.50143122      0.62845379      0.64726194      0.82556825      0.85820077      0.99695164
      0.12562814      0.73652973      0.00003897      0.00302731      0.14191104      0.17402757      0.35290465      0.37146960      0.49861209      0.50141689      0.62848030      0.64707028      0.82598918      0.85809107      0.99703900
      0.12814070      0.73664192      0.00003752      0.00294132      0.14202087      0.17361484      0.35309249      0.37144351      0.49862572      0.50140228      0.62850562      0.64688118      0.82640267      0.85798237      0.99712466
      0.13065327      0.73675166      0.00003686      0.00285707      0.14212949      0.17320989      0.35327793      0.37141896      0.49863958      0.50138744      0.62852962      0.64669472      0.82680860      0.85787493      0.99720864
      0.13316583      0.73685893      0.00003693      0.00277454      0.14223664      0.17281278      0.35346086      0.37139606      0.49865366      0.50137239      0.62855218      0.64651097      0.82720688      0.85776901      0.99729096
      0.13567839      0.73696372      0.00003766      0.00269372      0.14234206      0.17242355      0.35364122      0.37137493      0.49866793      0.50135716      0.62857317      0.64632999      0.82759745      0.85766485      0.99737164
      0.13819095      0.73706603      0.00003901      0.00261457      0.14244552      0.17204224      0.35381893      0.37135567      0.49868238      0.50134178      0.62859248      0.64615184      0.82798022      0.85756267      0.99745070
      0.14070352      0.73716586      0.00004092      0.00253707      0.14254681      0.17166889      0.35399395      0.37133836      0.49869699      0.50132626      0.62861002      0.64597656      0.82835516      0.85746270      0.99752816
      0.14321608      0.73726320      0.00004334      0.00246119      0.14264570      0.17130352      0.35416621      0.37132311      0.49871174      0.50131064      0.62862567      0.64580417      0.82872222      0.85736512      0.99760405
      0.14572864      0.73735804      0.00004623      0.00238691      0.14274201      0.17094613      0.35433570      0.37130999      0.49872662      0.50129493      0.62863933      0.64563471      0.82908137      0.85727012      0.99767841
      0.14824121      0.73745037      0.00004955      0.00231419      0.14283554      0.17059675      0.35450238      0.37129910      0.49874162      0.50127914      0.62865093      0.64546818      0.82943257      0.85717790      0.99775127
      0.15075377      0.73754021      0.00005324      0.00224299      0.14292612      0.17025537      0.35466623      0.37129051      0.49875672      0.50126329      0.62866036      0.64530461      0.82977581      0.85708860      0.99782265
      0.15326633      0.73762753      0.00005729      0.00217327      0.14301358      0.16992200      0.35482724      0.37128429      0.49877192      0.50124739      0.62866756      0.64514399      0.83011107      0.85700241      0.99789259
      0.15577889      0.73770997      0.00006105      0.00210337      0.14308350      0.16958678      0.35500019      0.37129781      0.49878814      0.50123045      0.62865573      0.64497198      0.83044797      0.85693345      0.99796168
      0.15829146      0.73779224      0.00006562      0.00203662      0.14316441      0.16926951      0.35515541      0.37129637      0.49880349      0.50121452      0.62865837      0.64481735      0.83076713      0.85685372      0.99802874
      0.16080402      0.73787197      0.00007043      0.00197124      0.14324175      0.16896022      0.35530779      0.37129752      0.49881891      0.50119857      0.62865852      0.64466565      0.83107829      0.85677752      0.99809446
      0.16331658      0.73794916      0.00007546      0.00190720      0.14331537      0.16865892      0.35545734      0.37130131      0.49883439      0.50118261      0.62865612      0.64451686      0.83138147      0.85670500      0.99815886
      0.16582915      0.73802380      0.00008066      0.00184446      0.14338515      0.16836559      0.35560408      0.37130782      0.49884994      0.50116666      0.62865109      0.64437097      0.83167664      0.85663627      0.99822200
      0.16834171      0.73809588      0.00008603      0.00178299      0.14345096      0.16808022      0.35574803      0.37131710      0.49886555      0.50115070      0.62864338      0.64422793      0.83196383      0.85657146      0.99828388
      0.17085427      0.73816539      0.00009152      0.00172274      0.14351269      0.16780279      0.35588922      0.37132920      0.49888121      0.50113476      0.62863291      0.64408773      0.83224304      0.85651067      0.99834456
      0.17336683      0.73823231      0.00009713      0.00166369      0.14357022      0.16753329      0.35602767      0.37134418      0.49889692      0.50111883      0.62861963      0.64395034      0.83251428      0.85645403      0.99840406
      0.17587940      0.73829663      0.00010281      0.00160578      0.14362344      0.16727171      0.35616341      0.37136210      0.49891267      0.50110293      0.62860347      0.64381571      0.83277755      0.85640163      0.99846241
      0.17839196      0.73835834      0.00010857      0.00154900      0.14367227      0.16701803      0.35629649      0.37138300      0.49892846      0.50108704      0.62858439      0.64368381      0.83303288      0.85635357      0.99851964
      0.18090452      0.73841744      0.00011436      0.00149330      0.14371660      0.16677222      0.35642693      0.37140693      0.49894429      0.50107118      0.62856232      0.64355460      0.83328027      0.85630995      0.99857578
      0.18341709      0.73847390      0.00012018      0.00143864      0.14375635      0.16653427      0.35655477      0.37143394      0.49896016      0.50105535      0.62853721      0.64342804      0.83351976      0.85627085      0.99863087
      0.18592965      0.73852771      0.00012601      0.00138499      0.14379143      0.16630415      0.35668006      0.37146407      0.49897605      0.50103954      0.62850902      0.64330407      0.83375135      0.85623635      0.99868492
      0.18844221      0.73857887      0.00013183      0.00133232      0.14382178      0.16608185      0.35680284      0.37149736      0.49899197      0.50102377      0.62847769      0.64318266      0.83397507      0.85620654      0.99873798
      0.19095477      0.73862735      0.00013763      0.00128059      0.14384731      0.16586733      0.35692317      0.37153385      0.49900792      0.50100803      0.62844319      0.64306376      0.83419095      0.85618147      0.99879006
      0.19346734      0.73867316      0.00014339      0.00122977      0.14386797      0.16566056      0.35704107      0.37157358      0.49902389      0.50099233      0.62840548      0.64294731      0.83439902      0.85616122      0.99884120
      0.19597990      0.73871628      0.00014911      0.00117983      0.14388371      0.16546151      0.35715661      0.37161658      0.49903988      0.50097666      0.62836450      0.64283326      0.83459931      0.85614585      0.99889142
      0.19849246      0.73875670      0.00015476      0.00113073      0.14389447      0.16527015      0.35726984      0.37166288      0.49905589      0.50096102      0.62832023      0.64272155      0.83479185      0.85613540      0.99894074
      0.20100503      0.73879442      0.00016034      0.00108245      0.14390021      0.16508643      0.35738080      0.37171251      0.49907191      0.50094542      0.62827264      0.64261214      0.83497670      0.85612993      0.99898920
      0.20351759      0.73882943      0.00016584      0.00103495      0.14390090      0.16491032      0.35748955      0.37176550      0.49908794      0.50092986      0.62822168      0.64250497      0.83515389      0.85612946      0.99903681
      0.20603015      0.73886172      0.00017125      0.00098821      0.14389651      0.16474176      0.35759615      0.37182187      0.49910399      0.50091433      0.62816734      0.64239998      0.83532347      0.85613403      0.99908361
      0.20854271      0.73889130      0.00017657      0.00094220      0.14388703      0.16458072      0.35770064      0.37188165      0.49912004      0.50089884      0.62810958      0.64229711      0.83548550      0.85614366      0.99912962
      0.21105528      0.73891817      0.00018178      0.00089689      0.14387243      0.16442712      0.35780309      0.37194485      0.49913609      0.50088338      0.62804838      0.64219630      0.83564003      0.85615836      0.99917485
      0.21356784      0.73894232      0.00018689      0.00085225      0.14385273      0.16428092      0.35790355      0.37201149      0.49915215      0.50086796      0.62798373      0.64209750      0.83578713      0.85617815      0.99921933
      0.21608040      0.73896376      0.00019189      0.00080826      0.14382792      0.16414205      0.35800207      0.37208159      0.49916821      0.50085257      0.62791560      0.64200064      0.83592687      0.85620301      0.99926309
      0.21859296      0.73898250      0.00019678      0.00076489      0.14379802      0.16401044      0.35809872      0.37215516      0.49918426      0.50083722      0.62784398      0.64190566      0.83605933      0.85623295      0.99930615
      0.22110553      0.73899854      0.00020155      0.00072212      0.14376306      0.16388601      0.35819355      0.37223220      0.49920032      0.50082190      0.62776885      0.64181251      0.83618457      0.85626794      0.99934852
      0.22361809      0.73901191      0.00020620      0.00067992      0.14372306      0.16376870      0.35828661      0.37231273      0.49921636      0.50080661      0.62769021      0.64172113      0.83630269      0.85630796      0.99939023
      0.22613065      0.73902260      0.00021075      0.00063827      0.14367807      0.16365842      0.35837797      0.37239675      0.49923240      0.50079136      0.62760805      0.64163144      0.83641377      0.85635296      0.99943130
      0.22864322      0.73903065      0.00021518      0.00059715      0.14362813      0.16355507      0.35846767      0.37248425      0.49924843      0.50077615      0.62752237      0.64154340      0.83651790      0.85640291      0.99947175
      0.23115578      0.73903607      0.00021950      0.00055654      0.14357331      0.16345858      0.35855579      0.37257524      0.49926444      0.50076096      0.62743316      0.64145694      0.83661519      0.85645775      0.99951160
      0.23366834      0.73903887      0.00022372      0.00051642      0.14351367      0.16336884      0.35864237      0.37266971      0.49928044      0.50074581      0.62734043      0.64137201      0.83670574      0.85651741      0.99955086
      0.23618090      0.73903909      0.00022783      0.00047677      0.14344929      0.16328576      0.35872746      0.37276767      0.49929642      0.50073069      0.62724418      0.64128853      0.83678965      0.85658184      0.99958956
      0.23869347      0.73903675      0.00023185      0.00043757      0.14338024      0.16320924      0.35881114      0.37286908      0.49931239      0.50071561      0.62714442      0.64120646      0.83686704      0.85665095      0.99962771
      0.24120603      0.73903187      0.00023578      0.00039880      0.14330663      0.16313917      0.35889344      0.37297396      0.49932833      0.50070056      0.62704116      0.64112573      0.83693801      0.85672466      0.99966533
      0.24371859      0.73902449      0.00023963      0.00036044      0.14322854      0.16307544      0.35897443      0.37308227      0.49934426      0.50068554      0.62693442      0.64104629      0.83700269      0.85680286      0.99970244
      0.24623116      0.73901464      0.00024341      0.00032248      0.14314609      0.16301794      0.35905416      0.37319401      0.49936016      0.50067056      0.62682421      0.64096809      0.83706119      0.85688547      0.99973905
      0.24874372      0.73900234      0.00024712      0.00028491      0.14305939      0.16296657      0.35913268      0.37330914      0.49937604      0.50065561      0.62671055      0.64089105      0.83711363      0.85697236      0.99977518
      0.25125628      0.73898763      0.00025079      0.00024771      0.14296857      0.16292121      0.35921005      0.37342765      0.49939189      0.50064069      0.62659347      0.64081513      0.83716013      0.85706343      0.99981085
      0.25376884      0.73897055      0.00025441      0.00021087      0.14287373      0.16288174      0.35928631      0.37354952      0.49940771      0.50062581      0.62647299      0.64074028      0.83720083      0.85715855      0.99984606
      0.25628141      0.73895114      0.00025800      0.00017437      0.14277504      0.16284806      0.35936152      0.37367470      0.49942351      0.50061097      0.62634915      0.64066645      0.83723583      0.85725759      0.99988084
      0.25879397      0.73892942      0.00026158      0.00013822      0.14267261      0.16282004      0.35943571      0.37380317      0.49943927      0.50059616      0.62622197      0.64059357      0.83726526      0.85736042      0.99991518
      0.26130653      0.73890543      0.00026516      0.00010241      0.14256660      0.16279759      0.35950896      0.37393489      0.49945501      0.50058138      0.62609150      0.64052161      0.83728925      0.85746689      0.99994909
      0.26381910      0.73887921      0.00026876      0.00006702      0.14245716      0.16278057      0.35958129      0.37406981      0.49947071      0.50056665      0.62595777      0.64045050      0.83730792      0.85757685      0.99998250
      0.26633166      0.73885080      0.00027238      0.00001422      0.00003325      0.14234445      0.16276890      0.35965275      0.37420791      0.49948637      0.50055195      0.62582082      0.64038022      0.83732138      0.85769016
      0.26884422      0.73882023      0.00027605      0.00004954      0.14222863      0.16276245      0.35972339      0.37434912      0.49950201      0.50053729      0.62568072      0.64031070      0.83732975      0.85780665      0.99999579
      0.27135678      0.73878753      0.00027978      0.00008169      0.14210988      0.16276112      0.35979326      0.37449340      0.49951761      0.50052267      0.62553750      0.64024191      0.83733316      0.85792615      0.99996143
      0.27386935      0.73875275      0.00028359      0.00011374      0.14198835      0.16276481      0.35986239      0.37464070      0.49953317      0.50050810      0.62539122      0.64017381      0.83733170      0.85804850      0.99992710
      0.27638191      0.73871592      0.00028749      0.00014551      0.14186424      0.16277342      0.35993082      0.37479095      0.49954869      0.50049356      0.62524195      0.64010634      0.83732549      0.85817352      0.99989299
      0.27889447      0.73867706      0.00029152      0.00017698      0.14173773      0.16278685      0.35999859      0.37494410      0.49956418      0.50047907      0.62508974      0.64003948      0.83731464      0.85830104      0.99985912
      0.28140704      0.73863622      0.00029568      0.00020815      0.14160901      0.16280502      0.36006574      0.37510007      0.49957963      0.50046462      0.62493466      0.63997319      0.83729925      0.85843085      0.99982551
      0.28391960      0.73859342      0.00029999      0.00023902      0.14147827      0.16282781      0.36013231      0.37525879      0.49959503      0.50045022      0.62477679      0.63990742      0.83727941      0.85856276      0.99979214
      0.28643216      0.73854869      0.00030449      0.00026960      0.14134572      0.16285517      0.36019834      0.37542020      0.49961040      0.50043587      0.62461621      0.63984215      0.83725522      0.85869659      0.99975902
      0.28894472      0.73850206      0.00030917      0.00029989      0.14121157      0.16288699      0.36026385      0.37558421      0.49962572      0.50042156      0.62445299      0.63977734      0.83722678      0.85883212      0.99972615
      0.29145729      0.73845356      0.00031407      0.00032991      0.14107602      0.16292320      0.36032888      0.37575073      0.49964100      0.50040731      0.62428722      0.63971296      0.83719416      0.85896914      0.99969354
      0.29396985      0.73840322      0.00031921      0.00035966      0.14093931      0.16296374      0.36039346      0.37591968      0.49965624      0.50039311      0.62411899      0.63964898      0.83715745      0.85910742      0.99966117
      0.29648241      0.73835105      0.00032461      0.00038914      0.14080167      0.16300852      0.36045762      0.37609096      0.49967143      0.50037896      0.62394840      0.63958537      0.83711673      0.85924675      0.99962906
      0.29899497      0.73829709      0.00033028      0.00041836      0.14066332      0.16305748      0.36052140      0.37626447      0.49968657      0.50036487      0.62377554      0.63952210      0.83707207      0.85938688      0.99959721
      0.30150754      0.73824134      0.00033624      0.00044733      0.14052452      0.16311056      0.36058482      0.37644010      0.49970167      0.50035083      0.62360054      0.63945915      0.83702354      0.85952757      0.99956562
      0.30402010      0.73818384      0.00034253      0.00047604      0.14038552      0.16316769      0.36064791      0.37661775      0.49971671      0.50033686      0.62342349      0.63939648      0.83697121      0.85966857      0.99953430
      0.30653266      0.73812461      0.00034915      0.00050449      0.14024658      0.16322883      0.36071070      0.37679729      0.49973171      0.50032295      0.62324451      0.63933407      0.83691515      0.85980962      0.99950325
      0.30904523      0.73806365      0.00035612      0.00053270      0.14010798      0.16329391      0.36077323      0.37697860      0.49974665      0.50030910      0.62306373      0.63927190      0.83685540      0.85995043      0.99947249
      0.31155779      0.73800099      0.00036347      0.00056066      0.13997001      0.16336289      0.36083550      0.37716156      0.49976153      0.50029531      0.62288128      0.63920994      0.83679204      0.86009073      0.99944202
      0.31407035      0.73793663      0.00037121      0.00058837      0.13983296      0.16343571      0.36089757      0.37734603      0.49977636      0.50028160      0.62269730      0.63914816      0.83672511      0.86023021      0.99941184
      0.31658291      0.73787060      0.00037935      0.00061582      0.13969715      0.16351233      0.36095945      0.37753187      0.49979112      0.50026795      0.62251191      0.63908654      0.83665466      0.86036857      0.99938198
      0.31909548      0.73780291      0.00038792      0.00064302      0.13956289      0.16359270      0.36102117      0.37771892      0.49980582      0.50025438      0.62232528      0.63902506      0.83658076      0.86050547      0.99935245
      0.32160804      0.73773357      0.00039692      0.00066997      0.13943054      0.16367677      0.36108276      0.37790704      0.49982045      0.50024088      0.62213755      0.63896369      0.83650345      0.86064057      0.99932325
      0.32412060      0.73766258      0.00040636      0.00069664      0.13930044      0.16376449      0.36114425      0.37809606      0.49983502      0.50022746      0.62194889      0.63890240      0.83642277      0.86077353      0.99929441
      0.32663317      0.73758997      0.00041625      0.00072305      0.13917297      0.16385583      0.36120569      0.37828581      0.49984950      0.50021412      0.62175946      0.63884115      0.83633878      0.86090395      0.99926594
      0.32914573      0.73751573      0.00042661      0.00074918      0.13904852      0.16395072      0.36126709      0.37847612      0.49986391      0.50020087      0.62156944      0.63877993      0.83625154      0.86103145      0.99923786
      0.33165829      0.73743989      0.00043744      0.00077502      0.13892750      0.16404912      0.36132849      0.37866680      0.49987823      0.50018771      0.62137900      0.63871870      0.83616108      0.86115562      0.99921018
      0.33417085      0.73736245      0.00044874      0.00080056      0.13881035      0.16415097      0.36138994      0.37885767      0.49989245      0.50017464      0.62118833      0.63865742      0.83606748      0.86127601      0.99918292
      0.33668342      0.73728342      0.00046051      0.00082578      0.13869751      0.16425621      0.36145147      0.37904852      0.49990658      0.50016168      0.62099763      0.63859606      0.83597078      0.86139217      0.99915611
      0.33919598      0.73720282      0.00047275      0.00085069      0.13858948      0.16436478      0.36151312      0.37923916      0.49992059      0.50014882      0.62080709      0.63853457      0.83587106      0.86150361      0.99912977
      0.34170854      0.73712064      0.00048544      0.00087524      0.13848674      0.16447661      0.36157495      0.37942937      0.49993447      0.50013610      0.62061692      0.63847291      0.83576837      0.86160983      0.99910392
      0.34422111      0.73703692      0.00049859      0.00089944      0.13838983      0.16459162      0.36163700      0.37961892      0.49994820      0.50012351      0.62042735      0.63841104      0.83566281      0.86171029      0.99907859
      0.34673367      0.73695166      0.00051218      0.00092326      0.13829931      0.16470972      0.36169933      0.37980760      0.49996176      0.50011109      0.62023858      0.63834889      0.83555444      0.86180442      0.99905379
      0.34924623      0.73686488      0.00052620      0.00094668      0.13821578      0.16483082      0.36176199      0.37999516      0.49997508      0.50009890      0.62005084      0.63828641      0.83544336      0.86189162      0.99902956
      0.35175879      0.73677660      0.00054061      0.00096967      0.13813984      0.16495480      0.36182506      0.38018137      0.49998806      0.50008703      0.61986438      0.63822353      0.83532968      0.86197127      0.99900593
      0.35427136      0.73668684      0.00055540      0.00099220      0.13807217      0.16508155      0.36188860      0.38036598      0.50000048      0.50007570      0.61967942      0.63816018      0.83521350      0.86204269      0.99898292
      0.35678392      0.73659563      0.00057054      0.00101426      0.13801344      0.16521093      0.36195269      0.38054872      0.50001176      0.50006549      0.61949623      0.63809630      0.83509497      0.86210520      0.99896056
      0.35929648      0.73650299      0.00058600      0.00103580      0.13796439      0.16534278      0.36201742      0.38072934      0.50002013      0.50005816      0.61931506      0.63803178      0.83497421      0.86215804      0.99893889
      0.36180905      0.73640897      0.00060174      0.00105679      0.13792579      0.16547694      0.36208287      0.38090755      0.50002162      0.50005769      0.61913616      0.63796653      0.83485140      0.86220045      0.99891794
      0.36432161      0.73631359      0.00061771      0.00107720      0.13789846      0.16561321      0.36214915      0.38108309      0.50001559      0.50006470      0.61895981      0.63790046      0.83472671      0.86223159      0.99889773
      0.36683417      0.73621690      0.00063387      0.00109699      0.13788325      0.16575138      0.36221636      0.38125566      0.50000620      0.50007504      0.61878628      0.63783345      0.83460035      0.86225060      0.99887832
      0.36934673      0.73611896      0.00065018      0.00111611      0.13788105      0.16589121      0.36228462      0.38142498      0.49999568      0.50008646      0.61861586      0.63776538      0.83447254      0.86225656      0.99885973
      0.37185930      0.73601982      0.00066657      0.00113452      0.13789284      0.16603244      0.36235407      0.38159073      0.49998477      0.50009822      0.61844883      0.63769611      0.83434352      0.86224852      0.99884200
      0.37437186      0.73591955      0.00068299      0.00115217      0.13791960      0.16617475      0.36242485      0.38175262      0.49997373      0.50011006      0.61828549      0.63762550      0.83421360      0.86222545      0.99882516
      0.37688442      0.73581822      0.00069937      0.00116901      0.13796240      0.16631784      0.36249710      0.38191033      0.49996269      0.50012185      0.61812614      0.63755338      0.83408306      0.86218630      0.99880928
      0.37939698      0.73571592      0.00071565      0.00118498      0.13802235      0.16646133      0.36257099      0.38206354      0.49995169      0.50013353      0.61797109      0.63747958      0.83395227      0.86212993      0.99879437
      0.38190955      0.73561275      0.00073176      0.00120003      0.13810061      0.16660481      0.36264672      0.38221192      0.49994079      0.50014506      0.61782064      0.63740391      0.83382160      0.86205517      0.99878050
      0.38442211      0.73550882      0.00074763      0.00121410      0.13819842      0.16674784      0.36272446      0.38235515      0.49992999      0.50015640      0.61767513      0.63732616      0.83369148      0.86196079      0.99876770
      0.38693467      0.73540425      0.00076319      0.00122712      0.13831706      0.16688993      0.36280444      0.38249288      0.49991932      0.50016754      0.61753487      0.63724612      0.83356239      0.86184549      0.99875602
      0.38944724      0.73529918      0.00077834      0.00123903      0.13845789      0.16703053      0.36288689      0.38262477      0.49990879      0.50017846      0.61740019      0.63716353      0.83343484      0.86170792      0.99874552
      0.39195980      0.73519376      0.00079303      0.00124975      0.13862231      0.16716904      0.36297206      0.38275048      0.49989841      0.50018915      0.61727143      0.63707812      0.83330940      0.86154664      0.99873625
      0.39447236      0.73508816      0.00080715      0.00125921      0.13881181      0.16730480      0.36306021      0.38286964      0.49988819      0.50019957      0.61714893      0.63698963      0.83318670      0.86136020      0.99872825
      0.39698492      0.73498257      0.00082064      0.00126733      0.13902792      0.16743711      0.36315166      0.38298191      0.49987815      0.50020973      0.61703303      0.63689773      0.83306742      0.86114705      0.99872160
      0.39949749      0.73487721      0.00083342      0.00127404      0.13927224      0.16756517      0.36324671      0.38308692      0.49986829      0.50021961      0.61692408      0.63680208      0.83295233      0.86090559      0.99871634
      0.40201005      0.73477229      0.00084539      0.00127925      0.13954644      0.16768814      0.36334572      0.38318431      0.49985862      0.50022919      0.61682243      0.63670233      0.83284224      0.86063417      0.99871254
      0.40452261      0.73466806      0.00085648      0.00128287      0.13985224      0.16780508      0.36344906      0.38327371      0.49984915      0.50023847      0.61672843      0.63659807      0.83273805      0.86033108      0.99871027
      0.40703518      0.73456480      0.00086662      0.00128482      0.14019141      0.16791499      0.36355713      0.38335476      0.49983989      0.50024742      0.61664245      0.63648888      0.83264072      0.85999457      0.99870958
      0.40954774      0.73446280      0.00087571      0.00128501      0.14056576      0.16801678      0.36367039      0.38342708      0.49983085      0.50025603      0.61656484      0.63637430      0.83255130      0.85962283      0.99871055
      0.41206030      0.73436236      0.00088370      0.00128334      0.14097714      0.16810929      0.36378930      0.38349030      0.49982204      0.50026431      0.61649597      0.63625381      0.83247091      0.85921404      0.99871323
      0.41457286      0.73426382      0.00089050      0.00127974      0.14142743      0.16819127      0.36391440      0.38354406      0.49981346      0.50027222      0.61643618      0.63612688      0.83240076      0.85876636      0.99871772
      0.41708543      0.73416752      0.00089604      0.00127411      0.14191851      0.16826140      0.36404625      0.38358800      0.49980513      0.50027976      0.61638585      0.63599292      0.83234212      0.85827794      0.99872406
      0.41959799      0.73407380      0.00090026      0.00126635      0.14245225      0.16831827      0.36418546      0.38362173      0.49979705      0.50028693      0.61634532      0.63585127      0.83229633      0.85774695      0.99873234
      0.42211055      0.73398303      0.00090309      0.00125639      0.14303047      0.16836043      0.36433270      0.38364492      0.49978923      0.50029372      0.61631495      0.63570124      0.83226481      0.85717162      0.99874262
      0.42462312      0.73389553      0.00090447      0.00124413      0.14365491      0.16838636      0.36448871      0.38365719      0.49978167      0.50030012      0.61629509      0.63554208      0.83224899      0.85655026      0.99875497
      0.42713568      0.73381163      0.00090434      0.00122951      0.14432719      0.16839454      0.36465428      0.38365821      0.49977439      0.50030612      0.61628609      0.63537294      0.83225033      0.85588130      0.99876945
      0.42964824      0.73373161      0.00090264      0.00121244      0.14504875      0.16838343      0.36483028      0.38364763      0.49976739      0.50031172      0.61628829      0.63519292      0.83227029      0.85516339      0.99878612
      0.43216080      0.73365565      0.00089931      0.00119286      0.14582076      0.16835158      0.36501764      0.38362511      0.49976067      0.50031692      0.61630202      0.63500106      0.83231023      0.85439543      0.99880504
      0.43467337      0.73358384      0.00089430      0.00117072      0.14664402      0.16829763      0.36521739      0.38359034      0.49975424      0.50032172      0.61632762      0.63479628      0.83237141      0.85357669      0.99882624
      0.43718593      0.73351613      0.00088754      0.00114597      0.14751886      0.16822046      0.36543065      0.38354298      0.49974810      0.50032612      0.61636541      0.63457743      0.83245483      0.85270696      0.99884978
      0.43969849      0.73345222      0.00087898      0.00111858      0.14844496      0.16811922      0.36565861      0.38348272      0.49974228      0.50033012      0.61641572      0.63434325      0.83256120      0.85178665      0.99887566
      0.44221106      0.73339156      0.00086856      0.00108855      0.14942119      0.16799357      0.36590257      0.38340924      0.49973677      0.50033370      0.61647889      0.63409242      0.83269071      0.85081704      0.99890390
      0.44472362      0.73333320      0.00085623      0.00105587      0.15044531      0.16784377      0.36616389      0.38332221      0.49973161      0.50033687      0.61655527      0.63382351      0.83284290      0.84980052      0.99893450
      0.44723618      0.73327572      0.00084195      0.00102057      0.15151374      0.16767097      0.36644402      0.38322127      0.49972683      0.50033961      0.61664523      0.63353502      0.83301642      0.84874085      0.99896742
      0.44974874      0.73321707      0.00082570      0.00098272      0.15262123      0.16747743      0.36674444      0.38310606      0.49972247      0.50034187      0.61674919      0.63322542      0.83320872      0.84764353      0.99900262
      0.45226131      0.73315448      0.00080749      0.00094238      0.15376043      0.16726686      0.36706663      0.38297613      0.49971861      0.50034361      0.61686761      0.63289319      0.83341578      0.84651623      0.99904002
      0.45477387      0.73308427      0.00078736      0.00089969      0.15492153      0.16704477      0.36741201      0.38283101      0.49971534      0.50034473      0.61700103      0.63253684      0.83363169      0.84536918      0.99907954
      0.45728643      0.73300167      0.00076545      0.00085477      0.15609181      0.16681879      0.36778186      0.38267012      0.49971282      0.50034513      0.61715010      0.63215509      0.83384825      0.84421567      0.99912105
      0.45979899      0.73290071      0.00074196      0.00080780      0.15725525      0.16659915      0.36817723      0.38249279      0.49971121      0.50034464      0.61731554      0.63174688      0.83405455      0.84307253      0.99916440
      0.46231156      0.73277402      0.00071720      0.00075900      0.15839218      0.16639899      0.36859876      0.38229825      0.49971075      0.50034304      0.61749822      0.63131157      0.83423647      0.84196055      0.99920943
      0.46482412      0.73261270      0.00069157      0.00070860      0.15947897      0.16623473      0.36904664      0.38208563      0.49971172      0.50034008      0.61769911      0.63084904      0.83437636      0.84090475      0.99925594
      0.46733668      0.73240656      0.00066560      0.00065685      0.16048827      0.16612609      0.36952044      0.38185397      0.49971446      0.50033543      0.61791928      0.63035982      0.83445329      0.83993397      0.99930373
      0.46984925      0.73214525      0.00063988      0.00060403      0.16139041      0.16609476      0.37001901      0.38160229      0.49971932      0.50032875      0.61815984      0.62984520      0.83444530      0.83907838      0.99935259
      0.47236181      0.73182193      0.00061504      0.00055041      0.16215866      0.16615948      0.37054051      0.38132958      0.49972670      0.50031967      0.61842193      0.62930721      0.83433665      0.83836195      0.99940230
      0.47487437      0.73143969      0.00059169      0.00049626      0.16278071      0.16632475      0.37108239      0.38103491      0.49973696      0.50030782      0.61870660      0.62874865      0.83413074      0.83778923      0.99945266
      0.47738693      0.73101604      0.00057035      0.00044183      0.16327134      0.16656841      0.37164147      0.38071748      0.49975044      0.50029289      0.61901481      0.62817296      0.83385912      0.83733611      0.99950348
      0.47989950      0.73057827      0.00055142      0.00038736      0.16367049      0.16684375      0.37221409      0.38037664      0.49976740      0.50027462      0.61934734      0.62758409      0.83357246      0.83695860      0.99955458
      0.48241206      0.73015336      0.00053513      0.00033303      0.16402424      0.16709864      0.37279627      0.38001195      0.49978801      0.50025285      0.61970477      0.62698631      0.83332042      0.83661284      0.99960582
      0.48492462      0.72976150      0.00052155      0.00027899      0.16436786      0.16729250      0.37338387      0.37962319      0.49981230      0.50022754      0.62008745      0.62638406      0.83313894      0.83626776      0.99965709
      0.48743719      0.72941507      0.00051058      0.00022536      0.16472121      0.16740104      0.37397273      0.37921040      0.49984015      0.50019882      0.62049547      0.62578172      0.83304842      0.83590693      0.99970833
      0.48994975      0.72912006      0.00050202      0.00017220      0.16509097      0.16741388      0.37455885      0.37877389      0.49987131      0.50016695      0.62092867      0.62518354      0.83305658      0.83552570      0.99975949
      0.49246231      0.72887763      0.00049561      0.00011952      0.16547432      0.16733091      0.37513848      0.37831420      0.49990535      0.50013236      0.62138661      0.62459343      0.83316183      0.83512804      0.99981058
      0.49497487      0.72868540      0.00049107      0.00006730      0.16586185      0.16715933      0.37570819      0.37783219      0.49994171      0.50009560      0.62186853      0.62401496      0.83335584      0.83472394      0.99986164
      0.49748744      0.72853845      0.00048820      0.00001548      0.16623981      0.16691138      0.37626492      0.37732902      0.49997972      0.50005735      0.62237336      0.62345125      0.83362564      0.83432752      0.99991274
      0.50000000      0.72842732      0.00048686      0.16659079      0.16660357      0.37680362      0.37680858      0.50001824      0.50001874      0.62289638      0.62290831      0.83394634      0.83396434      0.99996374      0.99996422
