    3    4    7
 69.723208.980 74.922
    1    1  1.0000  0.0000  0.0000
 -5.786255   0.000000  -0.000115
  0.021653   0.000000   0.000032
  5.988843   0.000000   0.000038
 -0.224242   0.000000   0.000044
    1    2  0.0000  1.0000  0.0000
  0.000000  -5.225754   0.000111
  0.000000   0.024389   0.000016
  0.000000  -0.170101  -0.000026
  0.000000   5.371466  -0.000100
    1    3  0.0000  0.0000  1.0000
  0.000000   0.000000  -5.504457
  0.000000   0.000000   3.426572
  0.000000   0.000000   0.705815
  0.000000   0.000000   1.372069
    3    1  1.0000  0.0000  0.0000
  5.999163   0.000000  -0.000655
 -0.141412   0.000000  -0.000601
 -6.913268   0.000000   0.002132
  1.055516   0.000000  -0.000876
    3    2  0.0000  0.0000  1.0000
  0.000000   0.000000   0.699824
  0.000000   0.000000   0.699647
  0.000000   0.000000  -4.750188
  0.000000   0.000000   3.350717
    4    1  1.0000  0.0000  0.0000
 -0.223322   0.000000   0.000167
  5.368997   0.000000   0.000071
  1.047448   0.000000  -0.000235
 -6.193123   0.000000  -0.000003
    4    2  0.0000  0.0000  1.0000
  0.000000   0.000000   1.373523
  0.000000   0.000000   1.372991
  0.000000   0.000000   3.369515
  0.000000   0.000000  -6.116028
