    0.0000         9.8497
    0.0417         9.7337
    0.0835        10.9473
    0.1252         9.9275
    0.1670         9.4629
    0.2087         8.7384
    0.2505         8.7354
    0.2922         9.6553
    0.3340         8.2606
    0.3757         8.2185
    0.4175         8.0649
    0.4592         7.7909
    0.5010         7.6612
    0.5427         7.2593
    0.5845         7.2950
    0.6262         6.8924
    0.6680         6.8739
    0.7097         6.5375
    0.7515         6.3862
    0.7932         6.1819
    0.8349         6.2121
    0.8767         6.0721
    0.9184         6.6106
    0.9602         6.7190
    1.0019         7.0271
    1.0437         7.2799
    1.0854         7.3361
    1.1272         7.4370
    1.1689         7.2890
    1.2107         7.1135
    1.2524         7.1136
    1.2942         6.7927
    1.3359         6.6672
    1.3777         6.5725
    1.4194         6.5134
    1.4612         6.4935
    1.4758         6.4981
    1.4904         6.5125
    1.5050         6.5361
    1.5196         6.5688
    1.5342         6.6100
    1.5488         6.6596
    1.5634         6.7157
    1.5780         6.7791
    1.5926         6.8488
    1.6072         6.9241
    1.6218         7.0045
    1.6364         7.0893
    1.6510         7.9185
    1.6656         7.4416
    1.6802         7.3699
    1.6948         7.5279
    1.7094         7.5705
    1.7240         7.6843
    1.7387         7.5389
    1.7533         7.4112
    1.7679         7.3901
    1.7825         7.3694
    1.7971         7.1869
    1.8117         7.5023
    1.8263         7.0371
    1.8409         6.9366
    1.8555         7.0054
    1.8701         6.8807
    1.8847         6.8133
    1.8993         6.8416
    1.9139         6.8214
    1.9285         6.7632
    1.9431         6.6918
    1.9577         6.6091
    1.9723         6.5976
 &
  
    0.0000         8.9511
    0.0417         8.9991
    0.0835         8.9931
    0.1252         8.6803
    0.1670         8.8588
    0.2087         8.2210
    0.2505         7.9672
    0.2922         7.7150
    0.3340         7.4652
    0.3757         7.3165
    0.4175         6.9599
    0.4592         6.7025
    0.5010         6.4464
    0.5427         6.1967
    0.5845         5.9618
    0.6262         5.7543
    0.6680         5.6121
    0.7097         5.5433
    0.7515         5.5928
    0.7932         5.6935
    0.8349         5.8050
    0.8767         6.0165
    0.9184         5.6673
    0.9602         5.4470
    1.0019         5.2341
    1.0437         5.0281
    1.0854         4.8307
    1.1272         4.6438
    1.1689         4.4693
    1.2107         4.3094
    1.2524         4.1669
    1.2942         4.0443
    1.3359         3.9448
    1.3777         3.8712
    1.4194         3.8260
    1.4612         3.8106
    1.4758         3.8077
    1.4904         3.7989
    1.5050         3.7846
    1.5196         3.7650
    1.5342         3.7407
    1.5488         3.7614
    1.5634         3.8052
    1.5780         3.8548
    1.5926         3.9097
    1.6072         3.9697
    1.6218         4.0344
    1.6364         4.1034
    1.6510         4.1765
    1.6656         4.2532
    1.6802         4.3334
    1.6948         4.4167
    1.7094         4.5028
    1.7240         4.5915
    1.7387         4.6827
    1.7533         4.7759
    1.7679         4.8711
    1.7825         4.9681
    1.7971         5.0665
    1.8117         5.1664
    1.8263         5.2674
    1.8409         5.3693
    1.8555         5.8865
    1.8701         5.5749
    1.8847         5.9448
    1.8993         6.0401
    1.9139         6.1086
    1.9285         6.0363
    1.9431         6.1511
    1.9577         6.2895
    1.9723         6.2303
 &
  
    0.0000         8.8435
    0.0417         8.8096
    0.0835         8.7167
    0.1252         8.5450
    0.1670         8.3786
    0.2087         8.1556
    0.2505         7.9386
    0.2922         7.6996
    0.3340         7.4198
    0.3757         7.1354
    0.4175         6.8481
    0.4592         6.5608
    0.5010         6.2758
    0.5427         5.9955
    0.5845         5.7226
    0.6262         5.4606
    0.6680         5.2185
    0.7097         5.0559
    0.7515         5.2000
    0.7932         5.4673
    0.8349         5.6831
    0.8767         5.4881
    0.9184         5.2943
    0.9602         5.1029
    1.0019         4.9119
    1.0437         4.7272
    1.0854         4.5497
    1.1272         4.3815
    1.1689         4.2245
    1.2107         4.0809
    1.2524         3.9531
    1.2942         3.8435
    1.3359         3.7548
    1.3777         3.6893
    1.4194         3.6493
    1.4612         3.6356
    1.4758         3.6392
    1.4904         3.6500
    1.5050         3.6679
    1.5196         3.6924
    1.5342         3.7237
    1.5488         3.7614
    1.5634         3.8052
    1.5780         3.8548
    1.5926         3.9097
    1.6072         3.9697
    1.6218         4.0344
    1.6364         4.1034
    1.6510         4.1765
    1.6656         4.2532
    1.6802         4.3334
    1.6948         4.4167
    1.7094         4.5028
    1.7240         4.5915
    1.7387         4.6826
    1.7533         4.7759
    1.7679         4.8711
    1.7825         4.9680
    1.7971         5.0665
    1.8117         5.1664
    1.8263         5.2673
    1.8409         5.3693
    1.8555         5.4719
    1.8701         5.5749
    1.8847         5.6785
    1.8993         5.7805
    1.9139         5.8812
    1.9285         5.9785
    1.9431         6.0683
    1.9577         6.1377
    1.9723         6.1903
 &
  
    0.0000         1.9958
    0.0417         2.0101
    0.0835         2.0518
    0.1252         2.1177
    0.1670         2.2050
    0.2087         2.3117
    0.2505         2.4370
    0.2922         2.5802
    0.3340         2.7412
    0.3757         2.9195
    0.4175         3.1146
    0.4592         3.3254
    0.5010         3.5508
    0.5427         3.7892
    0.5845         4.0387
    0.6262         4.2961
    0.6680         4.5530
    0.7097         4.7490
    0.7515         4.6558
    0.7932         4.4534
    0.8349         4.2448
    0.8767         4.0371
    0.9184         3.8295
    0.9602         3.6212
    1.0019         3.4140
    1.0437         3.2170
    1.0854         3.0719
    1.1272         3.0718
    1.1689         3.1541
    1.2107         3.2526
    1.2524         3.3512
    1.2942         3.4427
    1.3359         3.5217
    1.3777         3.5831
    1.4194         3.6222
    1.4612         3.6356
    1.4758         3.6392
    1.4904         3.6500
    1.5050         3.6679
    1.5196         3.6924
    1.5342         3.7237
    1.5488         3.7122
    1.5634         3.6801
    1.5780         3.6450
    1.5926         3.6077
    1.6072         3.5686
    1.6218         3.5286
    1.6364         3.4881
    1.6510         3.4478
    1.6656         3.4083
    1.6802         3.3703
    1.6948         3.3343
    1.7094         3.3009
    1.7240         3.2708
    1.7387         3.2445
    1.7533         3.2226
    1.7679         3.2055
    1.7825         3.1936
    1.7971         3.1870
    1.8117         3.1855
    1.8263         3.1888
    1.8409         3.1962
    1.8555         3.2070
    1.8701         3.2201
    1.8847         3.2344
    1.8993         3.2488
    1.9139         3.2623
    1.9285         3.2737
    1.9431         3.2825
    1.9577         3.2880
    1.9723         3.2898
 &
  
    0.0000         1.5592
    0.0417         1.5750
    0.0835         1.6219
    0.1252         1.6987
    0.1670         1.8034
    0.2087         1.9334
    0.2505         2.0863
    0.2922         2.2591
    0.3340         2.4494
    0.3757         2.6544
    0.4175         2.8715
    0.4592         3.0977
    0.5010         3.3295
    0.5427         3.5619
    0.5845         3.7869
    0.6262         3.9897
    0.6680         4.1432
    0.7097         4.2068
    0.7515         4.1562
    0.7932         4.0148
    0.8349         3.8224
    0.8767         3.6062
    0.9184         3.3807
    0.9602         3.1538
    1.0019         2.9303
    1.0437         2.7476
    1.0854         2.7808
    1.1272         2.6784
    1.1689         2.5031
    1.2107         2.3221
    1.2524         2.1528
    1.2942         2.0035
    1.3359         1.8803
    1.3777         1.7884
    1.4194         1.7317
    1.4612         1.7124
    1.4758         1.7144
    1.4904         1.7205
    1.5050         1.7304
    1.5196         1.7436
    1.5342         1.7600
    1.5488         1.7790
    1.5634         1.8005
    1.5780         1.8239
    1.5926         1.8491
    1.6072         1.8757
    1.6218         1.9035
    1.6364         1.9322
    1.6510         1.9616
    1.6656         1.9915
    1.6802         2.0218
    1.6948         2.0526
    1.7094         2.0846
    1.7240         2.1196
    1.7387         2.1614
    1.7533         2.2149
    1.7679         2.2805
    1.7825         2.3531
    1.7971         2.4276
    1.8117         2.5008
    1.8263         2.5708
    1.8409         2.6362
    1.8555         2.6962
    1.8701         2.7501
    1.8847         2.7975
    1.8993         2.8381
    1.9139         2.8715
    1.9285         2.8977
    1.9431         2.9165
    1.9577         2.9278
    1.9723         2.9316
 &
  
    0.0000         1.5592
    0.0417         1.5579
    0.0835         1.5563
    0.1252         1.5596
    0.1670         1.5749
    0.2087         1.6099
    0.2505         1.6694
    0.2922         1.7518
    0.3340         1.8509
    0.3757         1.9603
    0.4175         2.0748
    0.4592         2.1906
    0.5010         2.3042
    0.5427         2.4121
    0.5845         2.5104
    0.6262         2.5946
    0.6680         2.6596
    0.7097         2.7002
    0.7515         2.7121
    0.7932         2.6943
    0.8349         2.6525
    0.8767         2.6048
    0.9184         2.5839
    0.9602         2.6115
    1.0019         2.6746
    1.0437         2.7136
    1.0854         2.5065
    1.1272         2.3113
    1.1689         2.1305
    1.2107         1.9664
    1.2524         1.8214
    1.2942         1.6980
    1.3359         1.5987
    1.3777         1.5257
    1.4194         1.4811
    1.4612         1.4660
    1.4758         1.4659
    1.4904         1.4658
    1.5050         1.4660
    1.5196         1.4668
    1.5342         1.4688
    1.5488         1.4726
    1.5634         1.4789
    1.5780         1.4883
    1.5926         1.5017
    1.6072         1.5203
    1.6218         1.5451
    1.6364         1.5775
    1.6510         1.6187
    1.6656         1.6691
    1.6802         1.7284
    1.6948         1.7950
    1.7094         1.8660
    1.7240         1.9370
    1.7387         2.0017
    1.7533         2.0529
    1.7679         2.0882
    1.7825         2.1111
    1.7971         2.1255
    1.8117         2.1335
    1.8263         2.1366
    1.8409         2.1356
    1.8555         2.1314
    1.8701         2.1251
    1.8847         2.1173
    1.8993         2.1089
    1.9139         2.1008
    1.9285         2.0936
    1.9431         2.0880
    1.9577         2.0845
    1.9723         2.0832
 &
  
    0.0000         1.1421
    0.0417         1.1509
    0.0835         1.1762
    0.1252         1.2149
    0.1670         1.2610
    0.2087         1.3069
    0.2505         1.3462
    0.2922         1.3786
    0.3340         1.4077
    0.3757         1.4374
    0.4175         1.4704
    0.4592         1.5080
    0.5010         1.5510
    0.5427         1.5997
    0.5845         1.6540
    0.6262         1.7138
    0.6680         1.7786
    0.7097         1.8474
    0.7515         1.9184
    0.7932         1.9883
    0.8349         2.0497
    0.8767         2.0865
    0.9184         2.0706
    0.9602         1.9857
    1.0019         1.8488
    1.0437         1.6825
    1.0854         1.5008
    1.1272         1.3111
    1.1689         1.1179
    1.2107         0.9238
    1.2524         0.7306
    1.2942         0.5401
    1.3359         0.3559
    1.3777         0.1869
    1.4194         0.0711
    1.4612         0.0003
    1.4758        -0.0036
    1.4904        -0.0155
    1.5050        -0.0334
    1.5196         0.0108
    1.5342         0.1205
    1.5488         0.2322
    1.5634         0.3437
    1.5780         0.4537
    1.5926         0.5606
    1.6072         0.6631
    1.6218         0.7596
    1.6364         0.8485
    1.6510         0.9284
    1.6656         0.9982
    1.6802         1.0576
    1.6948         1.1075
    1.7094         1.1491
    1.7240         1.1843
    1.7387         1.2144
    1.7533         1.2410
    1.7679         1.2649
    1.7825         1.2869
    1.7971         1.3074
    1.8117         1.3269
    1.8263         1.3454
    1.8409         1.3630
    1.8555         1.3797
    1.8701         1.3953
    1.8847         1.4097
    1.8993         1.4226
    1.9139         1.4338
    1.9285         1.4429
    1.9431         1.4496
    1.9577         1.4538
    1.9723         1.4552
 &
  
    0.0000        -2.4877
    0.0417        -2.4898
    0.0835        -2.4954
    0.1252        -2.5020
    0.1670        -2.5066
    0.2087        -2.5058
    0.2505        -2.4966
    0.2922        -2.4774
    0.3340        -2.4477
    0.3757        -2.4075
    0.4175        -2.3574
    0.4592        -2.2982
    0.5010        -2.2306
    0.5427        -2.1551
    0.5845        -2.0724
    0.6262        -1.9830
    0.6680        -1.8874
    0.7097        -1.7861
    0.7515        -1.6795
    0.7932        -1.5681
    0.8349        -1.4525
    0.8767        -1.3333
    0.9184        -1.2112
    0.9602        -1.0869
    1.0019        -0.9615
    1.0437        -0.8360
    1.0854        -0.7117
    1.1272        -0.5902
    1.1689        -0.4734
    1.2107        -0.3635
    1.2524        -0.2628
    1.2942        -0.1743
    1.3359        -0.1010
    1.3777        -0.0459
    1.4194        -0.0180
    1.4612        -0.0001
    1.4758        -0.0044
    1.4904        -0.0159
    1.5050        -0.0335
    1.5196        -0.0396
    1.5342        -0.0613
    1.5488        -0.0872
    1.5634        -0.1170
    1.5780        -0.1504
    1.5926        -0.1870
    1.6072        -0.2265
    1.6218        -0.2684
    1.6364        -0.3124
    1.6510        -0.3582
    1.6656        -0.4053
    1.6802        -0.4535
    1.6948        -0.5024
    1.7094        -0.5517
    1.7240        -0.6010
    1.7387        -0.6502
    1.7533        -0.6988
    1.7679        -0.7466
    1.7825        -0.7933
    1.7971        -0.8385
    1.8117        -0.8820
    1.8263        -0.9234
    1.8409        -0.9624
    1.8555        -0.9986
    1.8701        -1.0317
    1.8847        -1.0614
    1.8993        -1.0872
    1.9139        -1.1089
    1.9285        -1.1262
    1.9431        -1.1387
    1.9577        -1.1463
    1.9723        -1.1488
 &
  
    0.0000        -2.8419
    0.0417        -2.8387
    0.0835        -2.8290
    0.1252        -2.8128
    0.1670        -2.7901
    0.2087        -2.7610
    0.2505        -2.7256
    0.2922        -2.6838
    0.3340        -2.6357
    0.3757        -2.5814
    0.4175        -2.5210
    0.4592        -2.4547
    0.5010        -2.3824
    0.5427        -2.3044
    0.5845        -2.2210
    0.6262        -2.1322
    0.6680        -2.0385
    0.7097        -1.9400
    0.7515        -1.8372
    0.7932        -1.7304
    0.8349        -1.6202
    0.8767        -1.5070
    0.9184        -1.3917
    0.9602        -1.2748
    1.0019        -1.1574
    1.0437        -1.0406
    1.0854        -0.9254
    1.1272        -0.8136
    1.1689        -0.7067
    1.2107        -0.6069
    1.2524        -0.5162
    1.2942        -0.4372
    1.3359        -0.3723
    1.3777        -0.3239
    1.4194        -0.2941
    1.4612        -0.2838
    1.4758        -0.2567
    1.4904        -0.1870
    1.5050        -0.0938
    1.5196        -0.0397
    1.5342        -0.0614
    1.5488        -0.0873
    1.5634        -0.1172
    1.5780        -0.1506
    1.5926        -0.1872
    1.6072        -0.2266
    1.6218        -0.2686
    1.6364        -0.3126
    1.6510        -0.3583
    1.6656        -0.4054
    1.6802        -0.4536
    1.6948        -0.5025
    1.7094        -0.5518
    1.7240        -0.6011
    1.7387        -0.6503
    1.7533        -0.6989
    1.7679        -0.7467
    1.7825        -0.7934
    1.7971        -0.8386
    1.8117        -0.8821
    1.8263        -0.9235
    1.8409        -0.9625
    1.8555        -0.9987
    1.8701        -1.0318
    1.8847        -1.0614
    1.8993        -1.0873
    1.9139        -1.1090
    1.9285        -1.1262
    1.9431        -1.1388
    1.9577        -1.1463
    1.9723        -1.1489
 &
  
    0.0000        -2.8419
    0.0417        -2.8470
    0.0835        -2.8617
    0.1252        -2.8854
    0.1670        -2.9166
    0.2087        -2.9538
    0.2505        -2.9951
    0.2922        -3.0386
    0.3340        -3.0826
    0.3757        -3.1253
    0.4175        -3.1653
    0.4592        -3.2013
    0.5010        -3.2318
    0.5427        -3.2559
    0.5845        -3.2726
    0.6262        -3.2808
    0.6680        -3.2798
    0.7097        -3.2685
    0.7515        -3.2458
    0.7932        -3.2106
    0.8349        -3.1612
    0.8767        -3.0954
    0.9184        -3.0111
    0.9602        -2.9058
    1.0019        -2.7779
    1.0437        -2.6275
    1.0854        -2.4568
    1.1272        -2.2695
    1.1689        -2.0699
    1.2107        -1.8623
    1.2524        -1.6510
    1.2942        -1.4406
    1.3359        -1.2375
    1.3777        -1.0529
    1.4194        -0.9113
    1.4612        -0.8524
    1.4758        -0.8802
    1.4904        -0.9517
    1.5050        -1.0480
    1.5196        -1.1571
    1.5342        -1.2731
    1.5488        -1.3932
    1.5634        -1.5156
    1.5780        -1.6395
    1.5926        -1.7644
    1.6072        -1.8898
    1.6218        -2.0156
    1.6364        -2.1415
    1.6510        -2.2674
    1.6656        -2.3931
    1.6802        -2.5187
    1.6948        -2.6439
    1.7094        -2.7689
    1.7240        -2.8050
    1.7387        -2.7848
    1.7533        -2.7641
    1.7679        -2.7432
    1.7825        -2.7220
    1.7971        -2.7009
    1.8117        -2.6800
    1.8263        -2.6595
    1.8409        -2.6397
    1.8555        -2.6208
    1.8701        -2.6032
    1.8847        -2.5871
    1.8993        -2.5728
    1.9139        -2.5606
    1.9285        -2.5507
    1.9431        -2.5435
    1.9577        -2.5391
    1.9723        -2.5377
 &
  
    0.0000        -3.1683
    0.0417        -3.1708
    0.0835        -3.1784
    0.1252        -3.1923
    0.1670        -3.2136
    0.2087        -3.2434
    0.2505        -3.2819
    0.2922        -3.3281
    0.3340        -3.3804
    0.3757        -3.4363
    0.4175        -3.4933
    0.4592        -3.5488
    0.5010        -3.6008
    0.5427        -3.6472
    0.5845        -3.6866
    0.6262        -3.7175
    0.6680        -3.7391
    0.7097        -3.7506
    0.7515        -3.7517
    0.7932        -3.7422
    0.8349        -3.7222
    0.8767        -3.6923
    0.9184        -3.6532
    0.9602        -3.6057
    1.0019        -3.5510
    1.0437        -3.4906
    1.0854        -3.4261
    1.1272        -3.3592
    1.1689        -3.2921
    1.2107        -3.2268
    1.2524        -3.1657
    1.2942        -3.1114
    1.3359        -3.0660
    1.3777        -3.0318
    1.4194        -3.0106
    1.4612        -3.0032
    1.4758        -3.0026
    1.4904        -3.0006
    1.5050        -2.9973
    1.5196        -2.9927
    1.5342        -2.9868
    1.5488        -2.9796
    1.5634        -2.9711
    1.5780        -2.9615
    1.5926        -2.9505
    1.6072        -2.9385
    1.6218        -2.9252
    1.6364        -2.9109
    1.6510        -2.8955
    1.6656        -2.8791
    1.6802        -2.8618
    1.6948        -2.8436
    1.7094        -2.8247
    1.7240        -2.8050
    1.7387        -2.7848
    1.7533        -2.7641
    1.7679        -2.7432
    1.7825        -2.7220
    1.7971        -2.7009
    1.8117        -2.6800
    1.8263        -2.6595
    1.8409        -2.6397
    1.8555        -2.6209
    1.8701        -2.6032
    1.8847        -2.5871
    1.8993        -2.5728
    1.9139        -2.5606
    1.9285        -2.5508
    1.9431        -2.5436
    1.9577        -2.5392
    1.9723        -2.5377
 &
  
    0.0000        -7.3934
    0.0417        -7.3820
    0.0835        -7.3482
    0.1252        -7.2928
    0.1670        -7.2169
    0.2087        -7.1223
    0.2505        -7.0106
    0.2922        -6.8835
    0.3340        -6.7428
    0.3757        -6.5901
    0.4175        -6.4269
    0.4592        -6.2546
    0.5010        -6.0744
    0.5427        -5.8875
    0.5845        -5.6951
    0.6262        -5.4983
    0.6680        -5.2982
    0.7097        -5.0960
    0.7515        -4.8934
    0.7932        -4.6919
    0.8349        -4.4938
    0.8767        -4.3019
    0.9184        -4.1192
    0.9602        -3.9492
    1.0019        -3.7946
    1.0437        -3.6567
    1.0854        -3.5352
    1.1272        -3.4282
    1.1689        -3.3339
    1.2107        -3.2510
    1.2524        -3.1789
    1.2942        -3.1180
    1.3359        -3.0690
    1.3777        -3.0329
    1.4194        -3.0108
    1.4612        -3.0033
    1.4758        -3.0026
    1.4904        -3.0006
    1.5050        -2.9973
    1.5196        -2.9927
    1.5342        -2.9868
    1.5488        -2.9796
    1.5634        -2.9712
    1.5780        -2.9615
    1.5926        -2.9506
    1.6072        -2.9385
    1.6218        -2.9252
    1.6364        -2.9109
    1.6510        -2.8955
    1.6656        -2.8791
    1.6802        -2.8618
    1.6948        -2.8436
    1.7094        -2.8247
    1.7240        -2.8934
    1.7387        -3.0175
    1.7533        -3.1411
    1.7679        -3.2642
    1.7825        -3.3866
    1.7971        -3.5085
    1.8117        -3.6297
    1.8263        -3.7503
    1.8409        -3.8702
    1.8555        -3.9892
    1.8701        -4.1075
    1.8847        -4.2250
    1.8993        -4.3416
    1.9139        -4.4573
    1.9285        -4.5720
    1.9431        -4.6856
    1.9577        -4.7979
    1.9723        -4.8956
 &
  
    0.0000        -7.3934
    0.0417        -7.3922
    0.0835        -7.3885
    0.1252        -7.3825
    0.1670        -7.3743
    0.2087        -7.3642
    0.2505        -7.3523
    0.2922        -7.3389
    0.3340        -7.3245
    0.3757        -7.3095
    0.4175        -7.2943
    0.4592        -7.2794
    0.5010        -7.2652
    0.5427        -7.2524
    0.5845        -7.2413
    0.6262        -7.2325
    0.6680        -7.2262
    0.7097        -7.2227
    0.7515        -7.2222
    0.7932        -7.2246
    0.8349        -7.2299
    0.8767        -7.2378
    0.9184        -7.2480
    0.9602        -7.2601
    1.0019        -7.2735
    1.0437        -7.2879
    1.0854        -7.3026
    1.1272        -7.3172
    1.1689        -7.3313
    1.2107        -7.3444
    1.2524        -7.3561
    1.2942        -7.3661
    1.3359        -7.3741
    1.3777        -7.3801
    1.4194        -7.3837
    1.4612        -7.3849
    1.4758        -7.3820
    1.4904        -7.3735
    1.5050        -7.3595
    1.5196        -7.3398
    1.5342        -7.3148
    1.5488        -7.2845
    1.5634        -7.2490
    1.5780        -7.2087
    1.5926        -7.1635
    1.6072        -7.1139
    1.6218        -7.0598
    1.6364        -7.0017
    1.6510        -6.9396
    1.6656        -6.8738
    1.6802        -6.8044
    1.6948        -6.7317
    1.7094        -6.6559
    1.7240        -6.5770
    1.7387        -6.4954
    1.7533        -6.4111
    1.7679        -6.3244
    1.7825        -6.2352
    1.7971        -6.1438
    1.8117        -6.0503
    1.8263        -5.9549
    1.8409        -5.8575
    1.8555        -5.7583
    1.8701        -5.6575
    1.8847        -5.5550
    1.8993        -5.4511
    1.9139        -5.3457
    1.9285        -5.2390
    1.9431        -5.1310
    1.9577        -5.0222
    1.9723        -4.9256
 &
  
    0.0000       -11.3124
    0.0417       -11.3164
    0.0835       -11.3279
    0.1252       -11.3453
    0.1670       -11.3666
    0.2087       -11.3890
    0.2505       -11.4105
    0.2922       -11.4296
    0.3340       -11.4455
    0.3757       -11.4585
    0.4175       -11.4688
    0.4592       -11.4771
    0.5010       -11.4838
    0.5427       -11.4893
    0.5845       -11.4941
    0.6262       -11.4984
    0.6680       -11.5023
    0.7097       -11.5062
    0.7515       -11.5100
    0.7932       -11.5138
    0.8349       -11.5177
    0.8767       -11.5217
    0.9184       -11.5258
    0.9602       -11.5299
    1.0019       -11.5340
    1.0437       -11.5380
    1.0854       -11.5420
    1.1272       -11.5457
    1.1689       -11.5492
    1.2107       -11.5524
    1.2524       -11.5553
    1.2942       -11.5577
    1.3359       -11.5596
    1.3777       -11.5610
    1.4194       -11.5618
    1.4612       -11.5621
    1.4758       -11.5639
    1.4904       -11.5693
    1.5050       -11.5781
    1.5196       -11.5904
    1.5342       -11.6061
    1.5488       -11.6249
    1.5634       -11.6467
    1.5780       -11.6714
    1.5926       -11.6988
    1.6072       -11.7286
    1.6218       -11.7607
    1.6364       -11.7948
    1.6510       -11.8308
    1.6656       -11.8684
    1.6802       -11.9074
    1.6948       -11.9477
    1.7094       -11.9891
    1.7240       -12.0313
    1.7387       -12.0743
    1.7533       -12.1177
    1.7679       -12.1616
    1.7825       -12.2056
    1.7971       -12.2497
    1.8117       -12.2936
    1.8263       -12.3372
    1.8409       -12.3803
    1.8555       -12.4227
    1.8701       -12.4640
    1.8847       -12.5039
    1.8993       -12.5419
    1.9139       -12.5771
    1.9285       -12.6083
    1.9431       -12.6338
    1.9577       -12.6508
    1.9723       -12.6569
 &
  
    0.0000       -11.7589
    0.0417       -11.7622
    0.0835       -11.7723
    0.1252       -11.7899
    0.1670       -11.8161
    0.2087       -11.8519
    0.2505       -11.8979
    0.2922       -11.9540
    0.3340       -12.0191
    0.3757       -12.0920
    0.4175       -12.1707
    0.4592       -12.2537
    0.5010       -12.3394
    0.5427       -12.4266
    0.5845       -12.5142
    0.6262       -12.6012
    0.6680       -12.6868
    0.7097       -12.7705
    0.7515       -12.8517
    0.7932       -12.9299
    0.8349       -13.0047
    0.8767       -13.0759
    0.9184       -13.1431
    0.9602       -13.2061
    1.0019       -13.2647
    1.0437       -13.3187
    1.0854       -13.3680
    1.1272       -13.4124
    1.1689       -13.4518
    1.2107       -13.4861
    1.2524       -13.5152
    1.2942       -13.5392
    1.3359       -13.5579
    1.3777       -13.5712
    1.4194       -13.5793
    1.4612       -13.5819
    1.4758       -13.5813
    1.4904       -13.5793
    1.5050       -13.5761
    1.5196       -13.5715
    1.5342       -13.5656
    1.5488       -13.5585
    1.5634       -13.5500
    1.5780       -13.5403
    1.5926       -13.5293
    1.6072       -13.5170
    1.6218       -13.5034
    1.6364       -13.4886
    1.6510       -13.4726
    1.6656       -13.4554
    1.6802       -13.4369
    1.6948       -13.4172
    1.7094       -13.3964
    1.7240       -13.3744
    1.7387       -13.3513
    1.7533       -13.3271
    1.7679       -13.3019
    1.7825       -13.2757
    1.7971       -13.2485
    1.8117       -13.2204
    1.8263       -13.1916
    1.8409       -13.1620
    1.8555       -13.1320
    1.8701       -13.1017
    1.8847       -13.0715
    1.8993       -13.0418
    1.9139       -13.0133
    1.9285       -12.9874
    1.9431       -12.9658
    1.9577       -12.9510
    1.9723       -12.9457
 &
  
    0.0000       -24.2712
    0.0417       -24.2712
    0.0835       -24.2711
    0.1252       -24.2710
    0.1670       -24.2708
    0.2087       -24.2707
    0.2505       -24.2704
    0.2922       -24.2702
    0.3340       -24.2699
    0.3757       -24.2695
    0.4175       -24.2692
    0.4592       -24.2688
    0.5010       -24.2684
    0.5427       -24.2680
    0.5845       -24.2676
    0.6262       -24.2671
    0.6680       -24.2667
    0.7097       -24.2662
    0.7515       -24.2657
    0.7932       -24.2653
    0.8349       -24.2649
    0.8767       -24.2644
    0.9184       -24.2640
    0.9602       -24.2636
    1.0019       -24.2632
    1.0437       -24.2629
    1.0854       -24.2626
    1.1272       -24.2623
    1.1689       -24.2620
    1.2107       -24.2618
    1.2524       -24.2616
    1.2942       -24.2614
    1.3359       -24.2613
    1.3777       -24.2612
    1.4194       -24.2611
    1.4612       -24.2611
    1.4758       -24.2611
    1.4904       -24.2611
    1.5050       -24.2611
    1.5196       -24.2611
    1.5342       -24.2611
    1.5488       -24.2611
    1.5634       -24.2611
    1.5780       -24.2611
    1.5926       -24.2611
    1.6072       -24.2611
    1.6218       -24.2611
    1.6364       -24.2611
    1.6510       -24.2611
    1.6656       -24.2611
    1.6802       -24.2611
    1.6948       -24.2611
    1.7094       -24.2611
    1.7240       -24.2611
    1.7387       -24.2611
    1.7533       -24.2611
    1.7679       -24.2611
    1.7825       -24.2611
    1.7971       -24.2611
    1.8117       -24.2611
    1.8263       -24.2611
    1.8409       -24.2612
    1.8555       -24.2612
    1.8701       -24.2611
    1.8847       -24.2611
    1.8993       -24.2611
    1.9139       -24.2611
    1.9285       -24.2611
    1.9431       -24.2611
    1.9577       -24.2611
    1.9723       -24.2611
 &
  
    0.0000       -24.2724
    0.0417       -24.2724
    0.0835       -24.2725
    0.1252       -24.2725
    0.1670       -24.2726
    0.2087       -24.2728
    0.2505       -24.2729
    0.2922       -24.2731
    0.3340       -24.2733
    0.3757       -24.2735
    0.4175       -24.2738
    0.4592       -24.2740
    0.5010       -24.2743
    0.5427       -24.2746
    0.5845       -24.2749
    0.6262       -24.2752
    0.6680       -24.2756
    0.7097       -24.2759
    0.7515       -24.2762
    0.7932       -24.2766
    0.8349       -24.2769
    0.8767       -24.2772
    0.9184       -24.2776
    0.9602       -24.2779
    1.0019       -24.2782
    1.0437       -24.2785
    1.0854       -24.2788
    1.1272       -24.2790
    1.1689       -24.2793
    1.2107       -24.2795
    1.2524       -24.2797
    1.2942       -24.2798
    1.3359       -24.2799
    1.3777       -24.2800
    1.4194       -24.2801
    1.4612       -24.2801
    1.4758       -24.2801
    1.4904       -24.2801
    1.5050       -24.2801
    1.5196       -24.2801
    1.5342       -24.2801
    1.5488       -24.2801
    1.5634       -24.2801
    1.5780       -24.2801
    1.5926       -24.2800
    1.6072       -24.2800
    1.6218       -24.2800
    1.6364       -24.2800
    1.6510       -24.2800
    1.6656       -24.2800
    1.6802       -24.2800
    1.6948       -24.2800
    1.7094       -24.2800
    1.7240       -24.2799
    1.7387       -24.2799
    1.7533       -24.2799
    1.7679       -24.2799
    1.7825       -24.2799
    1.7971       -24.2799
    1.8117       -24.2799
    1.8263       -24.2799
    1.8409       -24.2799
    1.8555       -24.2799
    1.8701       -24.2799
    1.8847       -24.2798
    1.8993       -24.2798
    1.9139       -24.2798
    1.9285       -24.2798
    1.9431       -24.2798
    1.9577       -24.2798
    1.9723       -24.2798
 &
  
    0.0000       -24.2757
    0.0417       -24.2758
    0.0835       -24.2760
    0.1252       -24.2764
    0.1670       -24.2769
    0.2087       -24.2775
    0.2505       -24.2782
    0.2922       -24.2791
    0.3340       -24.2801
    0.3757       -24.2812
    0.4175       -24.2823
    0.4592       -24.2836
    0.5010       -24.2849
    0.5427       -24.2863
    0.5845       -24.2877
    0.6262       -24.2892
    0.6680       -24.2907
    0.7097       -24.2921
    0.7515       -24.2936
    0.7932       -24.2950
    0.8349       -24.2963
    0.8767       -24.2975
    0.9184       -24.2986
    0.9602       -24.2996
    1.0019       -24.3004
    1.0437       -24.3010
    1.0854       -24.3015
    1.1272       -24.3018
    1.1689       -24.3020
    1.2107       -24.3021
    1.2524       -24.3022
    1.2942       -24.3022
    1.3359       -24.3022
    1.3777       -24.3022
    1.4194       -24.3022
    1.4612       -24.3022
    1.4758       -24.3022
    1.4904       -24.3022
    1.5050       -24.3022
    1.5196       -24.3022
    1.5342       -24.3022
    1.5488       -24.3022
    1.5634       -24.3022
    1.5780       -24.3022
    1.5926       -24.3022
    1.6072       -24.3022
    1.6218       -24.3022
    1.6364       -24.3022
    1.6510       -24.3022
    1.6656       -24.3022
    1.6802       -24.3022
    1.6948       -24.3022
    1.7094       -24.3022
    1.7240       -24.3022
    1.7387       -24.3022
    1.7533       -24.3022
    1.7679       -24.3022
    1.7825       -24.3022
    1.7971       -24.3022
    1.8117       -24.3022
    1.8263       -24.3022
    1.8409       -24.3022
    1.8555       -24.3022
    1.8701       -24.3022
    1.8847       -24.3022
    1.8993       -24.3022
    1.9139       -24.3022
    1.9285       -24.3022
    1.9431       -24.3022
    1.9577       -24.3022
    1.9723       -24.3022
 &
  
    0.0000       -24.3133
    0.0417       -24.3133
    0.0835       -24.3132
    0.1252       -24.3131
    0.1670       -24.3130
    0.2087       -24.3128
    0.2505       -24.3126
    0.2922       -24.3123
    0.3340       -24.3120
    0.3757       -24.3117
    0.4175       -24.3113
    0.4592       -24.3109
    0.5010       -24.3105
    0.5427       -24.3101
    0.5845       -24.3096
    0.6262       -24.3091
    0.6680       -24.3087
    0.7097       -24.3082
    0.7515       -24.3077
    0.7932       -24.3072
    0.8349       -24.3067
    0.8767       -24.3062
    0.9184       -24.3057
    0.9602       -24.3053
    1.0019       -24.3048
    1.0437       -24.3044
    1.0854       -24.3040
    1.1272       -24.3037
    1.1689       -24.3033
    1.2107       -24.3030
    1.2524       -24.3028
    1.2942       -24.3026
    1.3359       -24.3024
    1.3777       -24.3023
    1.4194       -24.3022
    1.4612       -24.3022
    1.4758       -24.3022
    1.4904       -24.3022
    1.5050       -24.3022
    1.5196       -24.3022
    1.5342       -24.3022
    1.5488       -24.3022
    1.5634       -24.3022
    1.5780       -24.3022
    1.5926       -24.3022
    1.6072       -24.3022
    1.6218       -24.3022
    1.6364       -24.3022
    1.6510       -24.3022
    1.6656       -24.3022
    1.6802       -24.3022
    1.6948       -24.3022
    1.7094       -24.3022
    1.7240       -24.3022
    1.7387       -24.3022
    1.7533       -24.3022
    1.7679       -24.3022
    1.7825       -24.3022
    1.7971       -24.3022
    1.8117       -24.3022
    1.8263       -24.3023
    1.8409       -24.3023
    1.8555       -24.3023
    1.8701       -24.3023
    1.8847       -24.3023
    1.8993       -24.3023
    1.9139       -24.3023
    1.9285       -24.3023
    1.9431       -24.3023
    1.9577       -24.3023
    1.9723       -24.3023
 &
  
    0.0000       -24.3133
    0.0417       -24.3133
    0.0835       -24.3132
    0.1252       -24.3132
    0.1670       -24.3131
    0.2087       -24.3129
    0.2505       -24.3128
    0.2922       -24.3126
    0.3340       -24.3124
    0.3757       -24.3121
    0.4175       -24.3119
    0.4592       -24.3116
    0.5010       -24.3114
    0.5427       -24.3111
    0.5845       -24.3108
    0.6262       -24.3105
    0.6680       -24.3103
    0.7097       -24.3100
    0.7515       -24.3098
    0.7932       -24.3096
    0.8349       -24.3094
    0.8767       -24.3094
    0.9184       -24.3094
    0.9602       -24.3095
    1.0019       -24.3097
    1.0437       -24.3101
    1.0854       -24.3105
    1.1272       -24.3110
    1.1689       -24.3116
    1.2107       -24.3121
    1.2524       -24.3126
    1.2942       -24.3131
    1.3359       -24.3134
    1.3777       -24.3137
    1.4194       -24.3139
    1.4612       -24.3139
    1.4758       -24.3139
    1.4904       -24.3139
    1.5050       -24.3139
    1.5196       -24.3139
    1.5342       -24.3139
    1.5488       -24.3139
    1.5634       -24.3139
    1.5780       -24.3139
    1.5926       -24.3139
    1.6072       -24.3139
    1.6218       -24.3139
    1.6364       -24.3139
    1.6510       -24.3139
    1.6656       -24.3139
    1.6802       -24.3139
    1.6948       -24.3139
    1.7094       -24.3139
    1.7240       -24.3139
    1.7387       -24.3139
    1.7533       -24.3139
    1.7679       -24.3139
    1.7825       -24.3139
    1.7971       -24.3139
    1.8117       -24.3140
    1.8263       -24.3140
    1.8409       -24.3140
    1.8555       -24.3140
    1.8701       -24.3140
    1.8847       -24.3140
    1.8993       -24.3140
    1.9139       -24.3140
    1.9285       -24.3140
    1.9431       -24.3140
    1.9577       -24.3140
    1.9723       -24.3140
 &
  
    1.4612       -24.3140
    1.4612        11.3497
 &
  
    0.0000         0.0000
    1.9723         0.0000
 &
